Abdominal Pain-
[0, 1, 3, 5, 7, 9, 11, 13, 15, 17, 39] 
[0, 1, 3, 5, 7, 9, 11, 13, 15, 18, 19, 21, 23, 39]
[0, 1, 3, 5, 7, 9, 11, 13, 15, 18, 19, 21, 24, 39]
[0, 1, 3, 5, 7, 9, 11, 13, 15, 18, 19, 22, 23, 39]
[0, 1, 3, 5, 7, 9, 11, 13, 15, 18, 19, 22, 24, 39]
[0, 1, 3, 5, 7, 9, 11, 13, 15, 18, 20, 21, 23, 39]
[0, 1, 3, 5, 7, 9, 11, 13, 15, 18, 20, 21, 24, 39]
[0, 1, 3, 5, 7, 9, 11, 13, 15, 18, 20, 22, 23, 39]
[0, 1, 3, 5, 7, 9, 11, 13, 15, 18, 20, 22, 24, 39]
[0, 1, 3, 5, 7, 9, 11, 13, 16, 39]
[0, 1, 3, 5, 7, 9, 11, 14, 15, 17, 39]
[0, 1, 3, 5, 7, 9, 11, 14, 15, 18, 19, 21, 23, 39]
[0, 1, 3, 5, 7, 9, 11, 14, 15, 18, 19, 21, 24, 39]
[0, 1, 3, 5, 7, 9, 11, 14, 15, 18, 19, 22, 23, 39]
[0, 1, 3, 5, 7, 9, 11, 14, 15, 18, 19, 22, 24, 39]
[0, 1, 3, 5, 7, 9, 11, 14, 15, 18, 20, 21, 23, 39]
[0, 1, 3, 5, 7, 9, 11, 14, 15, 18, 20, 21, 24, 39]
[0, 1, 3, 5, 7, 9, 11, 14, 15, 18, 20, 22, 23, 39]
[0, 1, 3, 5, 7, 9, 11, 14, 15, 18, 20, 22, 24, 39]
[0, 1, 3, 5, 7, 9, 11, 14, 16, 39]
[0, 1, 3, 5, 7, 9, 12, 13, 15, 17, 39]
[0, 1, 3, 5, 7, 9, 12, 13, 15, 18, 19, 21, 23, 39]
[0, 1, 3, 5, 7, 9, 12, 13, 15, 18, 19, 21, 24, 39]
[0, 1, 3, 5, 7, 9, 12, 13, 15, 18, 19, 22, 23, 39]
[0, 1, 3, 5, 7, 9, 12, 13, 15, 18, 19, 22, 24, 39]
[0, 1, 3, 5, 7, 9, 12, 13, 15, 18, 20, 21, 23, 39]
[0, 1, 3, 5, 7, 9, 12, 13, 15, 18, 20, 21, 24, 39]
[0, 1, 3, 5, 7, 9, 12, 13, 15, 18, 20, 22, 23, 39]
[0, 1, 3, 5, 7, 9, 12, 13, 15, 18, 20, 22, 24, 39]
[0, 1, 3, 5, 7, 9, 12, 13, 16, 39]
[0, 1, 3, 5, 7, 9, 12, 14, 15, 17, 39]
[0, 1, 3, 5, 7, 9, 12, 14, 15, 18, 19, 21, 23, 39]
[0, 1, 3, 5, 7, 9, 12, 14, 15, 18, 19, 21, 24, 39]
[0, 1, 3, 5, 7, 9, 12, 14, 15, 18, 19, 22, 23, 39]
[0, 1, 3, 5, 7, 9, 12, 14, 15, 18, 19, 22, 24, 39]
[0, 1, 3, 5, 7, 9, 12, 14, 15, 18, 20, 21, 23, 39]
[0, 1, 3, 5, 7, 9, 12, 14, 15, 18, 20, 21, 24, 39]
[0, 1, 3, 5, 7, 9, 12, 14, 15, 18, 20, 22, 23, 39]
[0, 1, 3, 5, 7, 9, 12, 14, 15, 18, 20, 22, 24, 39]
[0, 1, 3, 5, 7, 9, 12, 14, 16, 39]
[0, 1, 3, 5, 7, 10, 25, 27, 29, 31, 33, 35, 37, 39]
[0, 1, 3, 5, 7, 10, 25, 27, 29, 31, 33, 35, 38, 39]
[0, 1, 3, 5, 7, 10, 25, 27, 29, 31, 33, 36, 37, 39]
[0, 1, 3, 5, 7, 10, 25, 27, 29, 31, 33, 36, 38, 39]
[0, 1, 3, 5, 7, 10, 25, 27, 29, 31, 34, 35, 37, 39]
[0, 1, 3, 5, 7, 10, 25, 27, 29, 31, 34, 35, 38, 39]
[0, 1, 3, 5, 7, 10, 25, 27, 29, 31, 34, 36, 37, 39]
[0, 1, 3, 5, 7, 10, 25, 27, 29, 31, 34, 36, 38, 39]
[0, 1, 3, 5, 7, 10, 25, 27, 29, 32, 33, 35, 37, 39]
[0, 1, 3, 5, 7, 10, 25, 27, 29, 32, 33, 35, 38, 39]
[0, 1, 3, 5, 7, 10, 25, 27, 29, 32, 33, 36, 37, 39]
[0, 1, 3, 5, 7, 10, 25, 27, 29, 32, 33, 36, 38, 39]
[0, 1, 3, 5, 7, 10, 25, 27, 29, 32, 34, 35, 37, 39]
[0, 1, 3, 5, 7, 10, 25, 27, 29, 32, 34, 35, 38, 39]
[0, 1, 3, 5, 7, 10, 25, 27, 29, 32, 34, 36, 37, 39]
[0, 1, 3, 5, 7, 10, 25, 27, 29, 32, 34, 36, 38, 39]
[0, 1, 3, 5, 7, 10, 25, 27, 30, 31, 33, 35, 37, 39]
[0, 1, 3, 5, 7, 10, 25, 27, 30, 31, 33, 35, 38, 39]
[0, 1, 3, 5, 7, 10, 25, 27, 30, 31, 33, 36, 37, 39]
[0, 1, 3, 5, 7, 10, 25, 27, 30, 31, 33, 36, 38, 39]
[0, 1, 3, 5, 7, 10, 25, 27, 30, 31, 34, 35, 37, 39]
[0, 1, 3, 5, 7, 10, 25, 27, 30, 31, 34, 35, 38, 39]
[0, 1, 3, 5, 7, 10, 25, 27, 30, 31, 34, 36, 37, 39]
[0, 1, 3, 5, 7, 10, 25, 27, 30, 31, 34, 36, 38, 39]
[0, 1, 3, 5, 7, 10, 25, 27, 30, 32, 33, 35, 37, 39]
[0, 1, 3, 5, 7, 10, 25, 27, 30, 32, 33, 35, 38, 39]
[0, 1, 3, 5, 7, 10, 25, 27, 30, 32, 33, 36, 37, 39]
[0, 1, 3, 5, 7, 10, 25, 27, 30, 32, 33, 36, 38, 39]
[0, 1, 3, 5, 7, 10, 25, 27, 30, 32, 34, 35, 37, 39]
[0, 1, 3, 5, 7, 10, 25, 27, 30, 32, 34, 35, 38, 39]
[0, 1, 3, 5, 7, 10, 25, 27, 30, 32, 34, 36, 37, 39]
[0, 1, 3, 5, 7, 10, 25, 27, 30, 32, 34, 36, 38, 39]
[0, 1, 3, 5, 7, 10, 25, 28, 29, 31, 33, 35, 37, 39]
[0, 1, 3, 5, 7, 10, 25, 28, 29, 31, 33, 35, 38, 39]
[0, 1, 3, 5, 7, 10, 25, 28, 29, 31, 33, 36, 37, 39]
[0, 1, 3, 5, 7, 10, 25, 28, 29, 31, 33, 36, 38, 39]
[0, 1, 3, 5, 7, 10, 25, 28, 29, 31, 34, 35, 37, 39]
[0, 1, 3, 5, 7, 10, 25, 28, 29, 31, 34, 35, 38, 39]
[0, 1, 3, 5, 7, 10, 25, 28, 29, 31, 34, 36, 37, 39]
[0, 1, 3, 5, 7, 10, 25, 28, 29, 31, 34, 36, 38, 39]
[0, 1, 3, 5, 7, 10, 25, 28, 29, 32, 33, 35, 37, 39]
[0, 1, 3, 5, 7, 10, 25, 28, 29, 32, 33, 35, 38, 39]
[0, 1, 3, 5, 7, 10, 25, 28, 29, 32, 33, 36, 37, 39]
[0, 1, 3, 5, 7, 10, 25, 28, 29, 32, 33, 36, 38, 39]
[0, 1, 3, 5, 7, 10, 25, 28, 29, 32, 34, 35, 37, 39]
[0, 1, 3, 5, 7, 10, 25, 28, 29, 32, 34, 35, 38, 39]
[0, 1, 3, 5, 7, 10, 25, 28, 29, 32, 34, 36, 37, 39]
[0, 1, 3, 5, 7, 10, 25, 28, 29, 32, 34, 36, 38, 39]
[0, 1, 3, 5, 7, 10, 25, 28, 30, 31, 33, 35, 37, 39]
[0, 1, 3, 5, 7, 10, 25, 28, 30, 31, 33, 35, 38, 39]
[0, 1, 3, 5, 7, 10, 25, 28, 30, 31, 33, 36, 37, 39]
[0, 1, 3, 5, 7, 10, 25, 28, 30, 31, 33, 36, 38, 39]
[0, 1, 3, 5, 7, 10, 25, 28, 30, 31, 34, 35, 37, 39]
[0, 1, 3, 5, 7, 10, 25, 28, 30, 31, 34, 35, 38, 39]
[0, 1, 3, 5, 7, 10, 25, 28, 30, 31, 34, 36, 37, 39]
[0, 1, 3, 5, 7, 10, 25, 28, 30, 31, 34, 36, 38, 39]
[0, 1, 3, 5, 7, 10, 25, 28, 30, 32, 33, 35, 37, 39]
[0, 1, 3, 5, 7, 10, 25, 28, 30, 32, 33, 35, 38, 39]
[0, 1, 3, 5, 7, 10, 25, 28, 30, 32, 33, 36, 37, 39]
[0, 1, 3, 5, 7, 10, 25, 28, 30, 32, 33, 36, 38, 39]
[0, 1, 3, 5, 7, 10, 25, 28, 30, 32, 34, 35, 37, 39]
[0, 1, 3, 5, 7, 10, 25, 28, 30, 32, 34, 35, 38, 39]
[0, 1, 3, 5, 7, 10, 25, 28, 30, 32, 34, 36, 37, 39]
[0, 1, 3, 5, 7, 10, 25, 28, 30, 32, 34, 36, 38, 39]
[0, 1, 3, 5, 7, 10, 26, 33, 35, 37, 39]
[0, 1, 3, 5, 7, 10, 26, 33, 35, 38, 39]
[0, 1, 3, 5, 7, 10, 26, 33, 36, 37, 39]
[0, 1, 3, 5, 7, 10, 26, 33, 36, 38, 39]
[0, 1, 3, 5, 7, 10, 26, 34, 35, 37, 39]
[0, 1, 3, 5, 7, 10, 26, 34, 35, 38, 39]
[0, 1, 3, 5, 7, 10, 26, 34, 36, 37, 39]
[0, 1, 3, 5, 7, 10, 26, 34, 36, 38, 39]
[0, 1, 3, 5, 8, 9, 11, 13, 15, 17, 39]
[0, 1, 3, 5, 8, 9, 11, 13, 15, 18, 19, 21, 23, 39]
[0, 1, 3, 5, 8, 9, 11, 13, 15, 18, 19, 21, 24, 39]
[0, 1, 3, 5, 8, 9, 11, 13, 15, 18, 19, 22, 23, 39]
[0, 1, 3, 5, 8, 9, 11, 13, 15, 18, 19, 22, 24, 39]
[0, 1, 3, 5, 8, 9, 11, 13, 15, 18, 20, 21, 23, 39]
[0, 1, 3, 5, 8, 9, 11, 13, 15, 18, 20, 21, 24, 39]
[0, 1, 3, 5, 8, 9, 11, 13, 15, 18, 20, 22, 23, 39]
[0, 1, 3, 5, 8, 9, 11, 13, 15, 18, 20, 22, 24, 39]
[0, 1, 3, 5, 8, 9, 11, 13, 16, 39]
[0, 1, 3, 5, 8, 9, 11, 14, 15, 17, 39]
[0, 1, 3, 5, 8, 9, 11, 14, 15, 18, 19, 21, 23, 39]
[0, 1, 3, 5, 8, 9, 11, 14, 15, 18, 19, 21, 24, 39]
[0, 1, 3, 5, 8, 9, 11, 14, 15, 18, 19, 22, 23, 39]
[0, 1, 3, 5, 8, 9, 11, 14, 15, 18, 19, 22, 24, 39]
[0, 1, 3, 5, 8, 9, 11, 14, 15, 18, 20, 21, 23, 39]
[0, 1, 3, 5, 8, 9, 11, 14, 15, 18, 20, 21, 24, 39]
[0, 1, 3, 5, 8, 9, 11, 14, 15, 18, 20, 22, 23, 39]
[0, 1, 3, 5, 8, 9, 11, 14, 15, 18, 20, 22, 24, 39]
[0, 1, 3, 5, 8, 9, 11, 14, 16, 39]
[0, 1, 3, 5, 8, 9, 12, 13, 15, 17, 39]
[0, 1, 3, 5, 8, 9, 12, 13, 15, 18, 19, 21, 23, 39]
[0, 1, 3, 5, 8, 9, 12, 13, 15, 18, 19, 21, 24, 39]
[0, 1, 3, 5, 8, 9, 12, 13, 15, 18, 19, 22, 23, 39]
[0, 1, 3, 5, 8, 9, 12, 13, 15, 18, 19, 22, 24, 39]
[0, 1, 3, 5, 8, 9, 12, 13, 15, 18, 20, 21, 23, 39]
[0, 1, 3, 5, 8, 9, 12, 13, 15, 18, 20, 21, 24, 39]
[0, 1, 3, 5, 8, 9, 12, 13, 15, 18, 20, 22, 23, 39]
[0, 1, 3, 5, 8, 9, 12, 13, 15, 18, 20, 22, 24, 39]
[0, 1, 3, 5, 8, 9, 12, 13, 16, 39]
[0, 1, 3, 5, 8, 9, 12, 14, 15, 17, 39]
[0, 1, 3, 5, 8, 9, 12, 14, 15, 18, 19, 21, 23, 39]
[0, 1, 3, 5, 8, 9, 12, 14, 15, 18, 19, 21, 24, 39]
[0, 1, 3, 5, 8, 9, 12, 14, 15, 18, 19, 22, 23, 39]
[0, 1, 3, 5, 8, 9, 12, 14, 15, 18, 19, 22, 24, 39]
[0, 1, 3, 5, 8, 9, 12, 14, 15, 18, 20, 21, 23, 39]
[0, 1, 3, 5, 8, 9, 12, 14, 15, 18, 20, 21, 24, 39]
[0, 1, 3, 5, 8, 9, 12, 14, 15, 18, 20, 22, 23, 39]
[0, 1, 3, 5, 8, 9, 12, 14, 15, 18, 20, 22, 24, 39]
[0, 1, 3, 5, 8, 9, 12, 14, 16, 39]
[0, 1, 3, 5, 8, 10, 25, 27, 29, 31, 33, 35, 37, 39]
[0, 1, 3, 5, 8, 10, 25, 27, 29, 31, 33, 35, 38, 39]
[0, 1, 3, 5, 8, 10, 25, 27, 29, 31, 33, 36, 37, 39]
[0, 1, 3, 5, 8, 10, 25, 27, 29, 31, 33, 36, 38, 39]
[0, 1, 3, 5, 8, 10, 25, 27, 29, 31, 34, 35, 37, 39]
[0, 1, 3, 5, 8, 10, 25, 27, 29, 31, 34, 35, 38, 39]
[0, 1, 3, 5, 8, 10, 25, 27, 29, 31, 34, 36, 37, 39]
[0, 1, 3, 5, 8, 10, 25, 27, 29, 31, 34, 36, 38, 39]
[0, 1, 3, 5, 8, 10, 25, 27, 29, 32, 33, 35, 37, 39]
[0, 1, 3, 5, 8, 10, 25, 27, 29, 32, 33, 35, 38, 39]
[0, 1, 3, 5, 8, 10, 25, 27, 29, 32, 33, 36, 37, 39]
[0, 1, 3, 5, 8, 10, 25, 27, 29, 32, 33, 36, 38, 39]
[0, 1, 3, 5, 8, 10, 25, 27, 29, 32, 34, 35, 37, 39]
[0, 1, 3, 5, 8, 10, 25, 27, 29, 32, 34, 35, 38, 39]
[0, 1, 3, 5, 8, 10, 25, 27, 29, 32, 34, 36, 37, 39]
[0, 1, 3, 5, 8, 10, 25, 27, 29, 32, 34, 36, 38, 39]
[0, 1, 3, 5, 8, 10, 25, 27, 30, 31, 33, 35, 37, 39]
[0, 1, 3, 5, 8, 10, 25, 27, 30, 31, 33, 35, 38, 39]
[0, 1, 3, 5, 8, 10, 25, 27, 30, 31, 33, 36, 37, 39]
[0, 1, 3, 5, 8, 10, 25, 27, 30, 31, 33, 36, 38, 39]
[0, 1, 3, 5, 8, 10, 25, 27, 30, 31, 34, 35, 37, 39]
[0, 1, 3, 5, 8, 10, 25, 27, 30, 31, 34, 35, 38, 39]
[0, 1, 3, 5, 8, 10, 25, 27, 30, 31, 34, 36, 37, 39]
[0, 1, 3, 5, 8, 10, 25, 27, 30, 31, 34, 36, 38, 39]
[0, 1, 3, 5, 8, 10, 25, 27, 30, 32, 33, 35, 37, 39]
[0, 1, 3, 5, 8, 10, 25, 27, 30, 32, 33, 35, 38, 39]
[0, 1, 3, 5, 8, 10, 25, 27, 30, 32, 33, 36, 37, 39]
[0, 1, 3, 5, 8, 10, 25, 27, 30, 32, 33, 36, 38, 39]
[0, 1, 3, 5, 8, 10, 25, 27, 30, 32, 34, 35, 37, 39]
[0, 1, 3, 5, 8, 10, 25, 27, 30, 32, 34, 35, 38, 39]
[0, 1, 3, 5, 8, 10, 25, 27, 30, 32, 34, 36, 37, 39]
[0, 1, 3, 5, 8, 10, 25, 27, 30, 32, 34, 36, 38, 39]
[0, 1, 3, 5, 8, 10, 25, 28, 29, 31, 33, 35, 37, 39]
[0, 1, 3, 5, 8, 10, 25, 28, 29, 31, 33, 35, 38, 39]
[0, 1, 3, 5, 8, 10, 25, 28, 29, 31, 33, 36, 37, 39]
[0, 1, 3, 5, 8, 10, 25, 28, 29, 31, 33, 36, 38, 39]
[0, 1, 3, 5, 8, 10, 25, 28, 29, 31, 34, 35, 37, 39]
[0, 1, 3, 5, 8, 10, 25, 28, 29, 31, 34, 35, 38, 39]
[0, 1, 3, 5, 8, 10, 25, 28, 29, 31, 34, 36, 37, 39]
[0, 1, 3, 5, 8, 10, 25, 28, 29, 31, 34, 36, 38, 39]
[0, 1, 3, 5, 8, 10, 25, 28, 29, 32, 33, 35, 37, 39]
[0, 1, 3, 5, 8, 10, 25, 28, 29, 32, 33, 35, 38, 39]
[0, 1, 3, 5, 8, 10, 25, 28, 29, 32, 33, 36, 37, 39]
[0, 1, 3, 5, 8, 10, 25, 28, 29, 32, 33, 36, 38, 39]
[0, 1, 3, 5, 8, 10, 25, 28, 29, 32, 34, 35, 37, 39]
[0, 1, 3, 5, 8, 10, 25, 28, 29, 32, 34, 35, 38, 39]
[0, 1, 3, 5, 8, 10, 25, 28, 29, 32, 34, 36, 37, 39]
[0, 1, 3, 5, 8, 10, 25, 28, 29, 32, 34, 36, 38, 39]
[0, 1, 3, 5, 8, 10, 25, 28, 30, 31, 33, 35, 37, 39]
[0, 1, 3, 5, 8, 10, 25, 28, 30, 31, 33, 35, 38, 39]
[0, 1, 3, 5, 8, 10, 25, 28, 30, 31, 33, 36, 37, 39]
[0, 1, 3, 5, 8, 10, 25, 28, 30, 31, 33, 36, 38, 39]
[0, 1, 3, 5, 8, 10, 25, 28, 30, 31, 34, 35, 37, 39]
[0, 1, 3, 5, 8, 10, 25, 28, 30, 31, 34, 35, 38, 39]
[0, 1, 3, 5, 8, 10, 25, 28, 30, 31, 34, 36, 37, 39]
[0, 1, 3, 5, 8, 10, 25, 28, 30, 31, 34, 36, 38, 39]
[0, 1, 3, 5, 8, 10, 25, 28, 30, 32, 33, 35, 37, 39]
[0, 1, 3, 5, 8, 10, 25, 28, 30, 32, 33, 35, 38, 39]
[0, 1, 3, 5, 8, 10, 25, 28, 30, 32, 33, 36, 37, 39]
[0, 1, 3, 5, 8, 10, 25, 28, 30, 32, 33, 36, 38, 39]
[0, 1, 3, 5, 8, 10, 25, 28, 30, 32, 34, 35, 37, 39]
[0, 1, 3, 5, 8, 10, 25, 28, 30, 32, 34, 35, 38, 39]
[0, 1, 3, 5, 8, 10, 25, 28, 30, 32, 34, 36, 37, 39]
[0, 1, 3, 5, 8, 10, 25, 28, 30, 32, 34, 36, 38, 39]
[0, 1, 3, 5, 8, 10, 26, 33, 35, 37, 39]
[0, 1, 3, 5, 8, 10, 26, 33, 35, 38, 39]
[0, 1, 3, 5, 8, 10, 26, 33, 36, 37, 39]
[0, 1, 3, 5, 8, 10, 26, 33, 36, 38, 39]
[0, 1, 3, 5, 8, 10, 26, 34, 35, 37, 39]
[0, 1, 3, 5, 8, 10, 26, 34, 35, 38, 39]
[0, 1, 3, 5, 8, 10, 26, 34, 36, 37, 39]
[0, 1, 3, 5, 8, 10, 26, 34, 36, 38, 39]
[0, 1, 3, 6, 7, 9, 11, 13, 15, 17, 39]
[0, 1, 3, 6, 7, 9, 11, 13, 15, 18, 19, 21, 23, 39]
[0, 1, 3, 6, 7, 9, 11, 13, 15, 18, 19, 21, 24, 39]
[0, 1, 3, 6, 7, 9, 11, 13, 15, 18, 19, 22, 23, 39]
[0, 1, 3, 6, 7, 9, 11, 13, 15, 18, 19, 22, 24, 39]
[0, 1, 3, 6, 7, 9, 11, 13, 15, 18, 20, 21, 23, 39]
[0, 1, 3, 6, 7, 9, 11, 13, 15, 18, 20, 21, 24, 39]
[0, 1, 3, 6, 7, 9, 11, 13, 15, 18, 20, 22, 23, 39]
[0, 1, 3, 6, 7, 9, 11, 13, 15, 18, 20, 22, 24, 39]
[0, 1, 3, 6, 7, 9, 11, 13, 16, 39]
[0, 1, 3, 6, 7, 9, 11, 14, 15, 17, 39]
[0, 1, 3, 6, 7, 9, 11, 14, 15, 18, 19, 21, 23, 39]
[0, 1, 3, 6, 7, 9, 11, 14, 15, 18, 19, 21, 24, 39]
[0, 1, 3, 6, 7, 9, 11, 14, 15, 18, 19, 22, 23, 39]
[0, 1, 3, 6, 7, 9, 11, 14, 15, 18, 19, 22, 24, 39]
[0, 1, 3, 6, 7, 9, 11, 14, 15, 18, 20, 21, 23, 39]
[0, 1, 3, 6, 7, 9, 11, 14, 15, 18, 20, 21, 24, 39]
[0, 1, 3, 6, 7, 9, 11, 14, 15, 18, 20, 22, 23, 39]
[0, 1, 3, 6, 7, 9, 11, 14, 15, 18, 20, 22, 24, 39]
[0, 1, 3, 6, 7, 9, 11, 14, 16, 39]
[0, 1, 3, 6, 7, 9, 12, 13, 15, 17, 39]
[0, 1, 3, 6, 7, 9, 12, 13, 15, 18, 19, 21, 23, 39]
[0, 1, 3, 6, 7, 9, 12, 13, 15, 18, 19, 21, 24, 39]
[0, 1, 3, 6, 7, 9, 12, 13, 15, 18, 19, 22, 23, 39]
[0, 1, 3, 6, 7, 9, 12, 13, 15, 18, 19, 22, 24, 39]
[0, 1, 3, 6, 7, 9, 12, 13, 15, 18, 20, 21, 23, 39]
[0, 1, 3, 6, 7, 9, 12, 13, 15, 18, 20, 21, 24, 39]
[0, 1, 3, 6, 7, 9, 12, 13, 15, 18, 20, 22, 23, 39]
[0, 1, 3, 6, 7, 9, 12, 13, 15, 18, 20, 22, 24, 39]
[0, 1, 3, 6, 7, 9, 12, 13, 16, 39]
[0, 1, 3, 6, 7, 9, 12, 14, 15, 17, 39]
[0, 1, 3, 6, 7, 9, 12, 14, 15, 18, 19, 21, 23, 39]
[0, 1, 3, 6, 7, 9, 12, 14, 15, 18, 19, 21, 24, 39]
[0, 1, 3, 6, 7, 9, 12, 14, 15, 18, 19, 22, 23, 39]
[0, 1, 3, 6, 7, 9, 12, 14, 15, 18, 19, 22, 24, 39]
[0, 1, 3, 6, 7, 9, 12, 14, 15, 18, 20, 21, 23, 39]
[0, 1, 3, 6, 7, 9, 12, 14, 15, 18, 20, 21, 24, 39]
[0, 1, 3, 6, 7, 9, 12, 14, 15, 18, 20, 22, 23, 39]
[0, 1, 3, 6, 7, 9, 12, 14, 15, 18, 20, 22, 24, 39]
[0, 1, 3, 6, 7, 9, 12, 14, 16, 39]
[0, 1, 3, 6, 7, 10, 25, 27, 29, 31, 33, 35, 37, 39]
[0, 1, 3, 6, 7, 10, 25, 27, 29, 31, 33, 35, 38, 39]
[0, 1, 3, 6, 7, 10, 25, 27, 29, 31, 33, 36, 37, 39]
[0, 1, 3, 6, 7, 10, 25, 27, 29, 31, 33, 36, 38, 39]
[0, 1, 3, 6, 7, 10, 25, 27, 29, 31, 34, 35, 37, 39]
[0, 1, 3, 6, 7, 10, 25, 27, 29, 31, 34, 35, 38, 39]
[0, 1, 3, 6, 7, 10, 25, 27, 29, 31, 34, 36, 37, 39]
[0, 1, 3, 6, 7, 10, 25, 27, 29, 31, 34, 36, 38, 39]
[0, 1, 3, 6, 7, 10, 25, 27, 29, 32, 33, 35, 37, 39]
[0, 1, 3, 6, 7, 10, 25, 27, 29, 32, 33, 35, 38, 39]
[0, 1, 3, 6, 7, 10, 25, 27, 29, 32, 33, 36, 37, 39]
[0, 1, 3, 6, 7, 10, 25, 27, 29, 32, 33, 36, 38, 39]
[0, 1, 3, 6, 7, 10, 25, 27, 29, 32, 34, 35, 37, 39]
[0, 1, 3, 6, 7, 10, 25, 27, 29, 32, 34, 35, 38, 39]
[0, 1, 3, 6, 7, 10, 25, 27, 29, 32, 34, 36, 37, 39]
[0, 1, 3, 6, 7, 10, 25, 27, 29, 32, 34, 36, 38, 39]
[0, 1, 3, 6, 7, 10, 25, 27, 30, 31, 33, 35, 37, 39]
[0, 1, 3, 6, 7, 10, 25, 27, 30, 31, 33, 35, 38, 39]
[0, 1, 3, 6, 7, 10, 25, 27, 30, 31, 33, 36, 37, 39]
[0, 1, 3, 6, 7, 10, 25, 27, 30, 31, 33, 36, 38, 39]
[0, 1, 3, 6, 7, 10, 25, 27, 30, 31, 34, 35, 37, 39]
[0, 1, 3, 6, 7, 10, 25, 27, 30, 31, 34, 35, 38, 39]
[0, 1, 3, 6, 7, 10, 25, 27, 30, 31, 34, 36, 37, 39]
[0, 1, 3, 6, 7, 10, 25, 27, 30, 31, 34, 36, 38, 39]
[0, 1, 3, 6, 7, 10, 25, 27, 30, 32, 33, 35, 37, 39]
[0, 1, 3, 6, 7, 10, 25, 27, 30, 32, 33, 35, 38, 39]
[0, 1, 3, 6, 7, 10, 25, 27, 30, 32, 33, 36, 37, 39]
[0, 1, 3, 6, 7, 10, 25, 27, 30, 32, 33, 36, 38, 39]
[0, 1, 3, 6, 7, 10, 25, 27, 30, 32, 34, 35, 37, 39]
[0, 1, 3, 6, 7, 10, 25, 27, 30, 32, 34, 35, 38, 39]
[0, 1, 3, 6, 7, 10, 25, 27, 30, 32, 34, 36, 37, 39]
[0, 1, 3, 6, 7, 10, 25, 27, 30, 32, 34, 36, 38, 39]
[0, 1, 3, 6, 7, 10, 25, 28, 29, 31, 33, 35, 37, 39]
[0, 1, 3, 6, 7, 10, 25, 28, 29, 31, 33, 35, 38, 39]
[0, 1, 3, 6, 7, 10, 25, 28, 29, 31, 33, 36, 37, 39]
[0, 1, 3, 6, 7, 10, 25, 28, 29, 31, 33, 36, 38, 39]
[0, 1, 3, 6, 7, 10, 25, 28, 29, 31, 34, 35, 37, 39]
[0, 1, 3, 6, 7, 10, 25, 28, 29, 31, 34, 35, 38, 39]
[0, 1, 3, 6, 7, 10, 25, 28, 29, 31, 34, 36, 37, 39]
[0, 1, 3, 6, 7, 10, 25, 28, 29, 31, 34, 36, 38, 39]
[0, 1, 3, 6, 7, 10, 25, 28, 29, 32, 33, 35, 37, 39]
[0, 1, 3, 6, 7, 10, 25, 28, 29, 32, 33, 35, 38, 39]
[0, 1, 3, 6, 7, 10, 25, 28, 29, 32, 33, 36, 37, 39]
[0, 1, 3, 6, 7, 10, 25, 28, 29, 32, 33, 36, 38, 39]
[0, 1, 3, 6, 7, 10, 25, 28, 29, 32, 34, 35, 37, 39]
[0, 1, 3, 6, 7, 10, 25, 28, 29, 32, 34, 35, 38, 39]
[0, 1, 3, 6, 7, 10, 25, 28, 29, 32, 34, 36, 37, 39]
[0, 1, 3, 6, 7, 10, 25, 28, 29, 32, 34, 36, 38, 39]
[0, 1, 3, 6, 7, 10, 25, 28, 30, 31, 33, 35, 37, 39]
[0, 1, 3, 6, 7, 10, 25, 28, 30, 31, 33, 35, 38, 39]
[0, 1, 3, 6, 7, 10, 25, 28, 30, 31, 33, 36, 37, 39]
[0, 1, 3, 6, 7, 10, 25, 28, 30, 31, 33, 36, 38, 39]
[0, 1, 3, 6, 7, 10, 25, 28, 30, 31, 34, 35, 37, 39]
[0, 1, 3, 6, 7, 10, 25, 28, 30, 31, 34, 35, 38, 39]
[0, 1, 3, 6, 7, 10, 25, 28, 30, 31, 34, 36, 37, 39]
[0, 1, 3, 6, 7, 10, 25, 28, 30, 31, 34, 36, 38, 39]
[0, 1, 3, 6, 7, 10, 25, 28, 30, 32, 33, 35, 37, 39]
[0, 1, 3, 6, 7, 10, 25, 28, 30, 32, 33, 35, 38, 39]
[0, 1, 3, 6, 7, 10, 25, 28, 30, 32, 33, 36, 37, 39]
[0, 1, 3, 6, 7, 10, 25, 28, 30, 32, 33, 36, 38, 39]
[0, 1, 3, 6, 7, 10, 25, 28, 30, 32, 34, 35, 37, 39]
[0, 1, 3, 6, 7, 10, 25, 28, 30, 32, 34, 35, 38, 39]
[0, 1, 3, 6, 7, 10, 25, 28, 30, 32, 34, 36, 37, 39]
[0, 1, 3, 6, 7, 10, 25, 28, 30, 32, 34, 36, 38, 39]
[0, 1, 3, 6, 7, 10, 26, 33, 35, 37, 39]
[0, 1, 3, 6, 7, 10, 26, 33, 35, 38, 39]
[0, 1, 3, 6, 7, 10, 26, 33, 36, 37, 39]
[0, 1, 3, 6, 7, 10, 26, 33, 36, 38, 39]
[0, 1, 3, 6, 7, 10, 26, 34, 35, 37, 39]
[0, 1, 3, 6, 7, 10, 26, 34, 35, 38, 39]
[0, 1, 3, 6, 7, 10, 26, 34, 36, 37, 39]
[0, 1, 3, 6, 7, 10, 26, 34, 36, 38, 39]
[0, 1, 3, 6, 8, 9, 11, 13, 15, 17, 39]
[0, 1, 3, 6, 8, 9, 11, 13, 15, 18, 19, 21, 23, 39]
[0, 1, 3, 6, 8, 9, 11, 13, 15, 18, 19, 21, 24, 39]
[0, 1, 3, 6, 8, 9, 11, 13, 15, 18, 19, 22, 23, 39]
[0, 1, 3, 6, 8, 9, 11, 13, 15, 18, 19, 22, 24, 39]
[0, 1, 3, 6, 8, 9, 11, 13, 15, 18, 20, 21, 23, 39]
[0, 1, 3, 6, 8, 9, 11, 13, 15, 18, 20, 21, 24, 39]
[0, 1, 3, 6, 8, 9, 11, 13, 15, 18, 20, 22, 23, 39]
[0, 1, 3, 6, 8, 9, 11, 13, 15, 18, 20, 22, 24, 39]
[0, 1, 3, 6, 8, 9, 11, 13, 16, 39]
[0, 1, 3, 6, 8, 9, 11, 14, 15, 17, 39]
[0, 1, 3, 6, 8, 9, 11, 14, 15, 18, 19, 21, 23, 39]
[0, 1, 3, 6, 8, 9, 11, 14, 15, 18, 19, 21, 24, 39]
[0, 1, 3, 6, 8, 9, 11, 14, 15, 18, 19, 22, 23, 39]
[0, 1, 3, 6, 8, 9, 11, 14, 15, 18, 19, 22, 24, 39]
[0, 1, 3, 6, 8, 9, 11, 14, 15, 18, 20, 21, 23, 39]
[0, 1, 3, 6, 8, 9, 11, 14, 15, 18, 20, 21, 24, 39]
[0, 1, 3, 6, 8, 9, 11, 14, 15, 18, 20, 22, 23, 39]
[0, 1, 3, 6, 8, 9, 11, 14, 15, 18, 20, 22, 24, 39]
[0, 1, 3, 6, 8, 9, 11, 14, 16, 39]
[0, 1, 3, 6, 8, 9, 12, 13, 15, 17, 39]
[0, 1, 3, 6, 8, 9, 12, 13, 15, 18, 19, 21, 23, 39]
[0, 1, 3, 6, 8, 9, 12, 13, 15, 18, 19, 21, 24, 39]
[0, 1, 3, 6, 8, 9, 12, 13, 15, 18, 19, 22, 23, 39]
[0, 1, 3, 6, 8, 9, 12, 13, 15, 18, 19, 22, 24, 39]
[0, 1, 3, 6, 8, 9, 12, 13, 15, 18, 20, 21, 23, 39]
[0, 1, 3, 6, 8, 9, 12, 13, 15, 18, 20, 21, 24, 39]
[0, 1, 3, 6, 8, 9, 12, 13, 15, 18, 20, 22, 23, 39]
[0, 1, 3, 6, 8, 9, 12, 13, 15, 18, 20, 22, 24, 39]
[0, 1, 3, 6, 8, 9, 12, 13, 16, 39]
[0, 1, 3, 6, 8, 9, 12, 14, 15, 17, 39]
[0, 1, 3, 6, 8, 9, 12, 14, 15, 18, 19, 21, 23, 39]
[0, 1, 3, 6, 8, 9, 12, 14, 15, 18, 19, 21, 24, 39]
[0, 1, 3, 6, 8, 9, 12, 14, 15, 18, 19, 22, 23, 39]
[0, 1, 3, 6, 8, 9, 12, 14, 15, 18, 19, 22, 24, 39]
[0, 1, 3, 6, 8, 9, 12, 14, 15, 18, 20, 21, 23, 39]
[0, 1, 3, 6, 8, 9, 12, 14, 15, 18, 20, 21, 24, 39]
[0, 1, 3, 6, 8, 9, 12, 14, 15, 18, 20, 22, 23, 39]
[0, 1, 3, 6, 8, 9, 12, 14, 15, 18, 20, 22, 24, 39]
[0, 1, 3, 6, 8, 9, 12, 14, 16, 39]
[0, 1, 3, 6, 8, 10, 25, 27, 29, 31, 33, 35, 37, 39]
[0, 1, 3, 6, 8, 10, 25, 27, 29, 31, 33, 35, 38, 39]
[0, 1, 3, 6, 8, 10, 25, 27, 29, 31, 33, 36, 37, 39]
[0, 1, 3, 6, 8, 10, 25, 27, 29, 31, 33, 36, 38, 39]
[0, 1, 3, 6, 8, 10, 25, 27, 29, 31, 34, 35, 37, 39]
[0, 1, 3, 6, 8, 10, 25, 27, 29, 31, 34, 35, 38, 39]
[0, 1, 3, 6, 8, 10, 25, 27, 29, 31, 34, 36, 37, 39]
[0, 1, 3, 6, 8, 10, 25, 27, 29, 31, 34, 36, 38, 39]
[0, 1, 3, 6, 8, 10, 25, 27, 29, 32, 33, 35, 37, 39]
[0, 1, 3, 6, 8, 10, 25, 27, 29, 32, 33, 35, 38, 39]
[0, 1, 3, 6, 8, 10, 25, 27, 29, 32, 33, 36, 37, 39]
[0, 1, 3, 6, 8, 10, 25, 27, 29, 32, 33, 36, 38, 39]
[0, 1, 3, 6, 8, 10, 25, 27, 29, 32, 34, 35, 37, 39]
[0, 1, 3, 6, 8, 10, 25, 27, 29, 32, 34, 35, 38, 39]
[0, 1, 3, 6, 8, 10, 25, 27, 29, 32, 34, 36, 37, 39]
[0, 1, 3, 6, 8, 10, 25, 27, 29, 32, 34, 36, 38, 39]
[0, 1, 3, 6, 8, 10, 25, 27, 30, 31, 33, 35, 37, 39]
[0, 1, 3, 6, 8, 10, 25, 27, 30, 31, 33, 35, 38, 39]
[0, 1, 3, 6, 8, 10, 25, 27, 30, 31, 33, 36, 37, 39]
[0, 1, 3, 6, 8, 10, 25, 27, 30, 31, 33, 36, 38, 39]
[0, 1, 3, 6, 8, 10, 25, 27, 30, 31, 34, 35, 37, 39]
[0, 1, 3, 6, 8, 10, 25, 27, 30, 31, 34, 35, 38, 39]
[0, 1, 3, 6, 8, 10, 25, 27, 30, 31, 34, 36, 37, 39]
[0, 1, 3, 6, 8, 10, 25, 27, 30, 31, 34, 36, 38, 39]
[0, 1, 3, 6, 8, 10, 25, 27, 30, 32, 33, 35, 37, 39]
[0, 1, 3, 6, 8, 10, 25, 27, 30, 32, 33, 35, 38, 39]
[0, 1, 3, 6, 8, 10, 25, 27, 30, 32, 33, 36, 37, 39]
[0, 1, 3, 6, 8, 10, 25, 27, 30, 32, 33, 36, 38, 39]
[0, 1, 3, 6, 8, 10, 25, 27, 30, 32, 34, 35, 37, 39]
[0, 1, 3, 6, 8, 10, 25, 27, 30, 32, 34, 35, 38, 39]
[0, 1, 3, 6, 8, 10, 25, 27, 30, 32, 34, 36, 37, 39]
[0, 1, 3, 6, 8, 10, 25, 27, 30, 32, 34, 36, 38, 39]
[0, 1, 3, 6, 8, 10, 25, 28, 29, 31, 33, 35, 37, 39]
[0, 1, 3, 6, 8, 10, 25, 28, 29, 31, 33, 35, 38, 39]
[0, 1, 3, 6, 8, 10, 25, 28, 29, 31, 33, 36, 37, 39]
[0, 1, 3, 6, 8, 10, 25, 28, 29, 31, 33, 36, 38, 39]
[0, 1, 3, 6, 8, 10, 25, 28, 29, 31, 34, 35, 37, 39]
[0, 1, 3, 6, 8, 10, 25, 28, 29, 31, 34, 35, 38, 39]
[0, 1, 3, 6, 8, 10, 25, 28, 29, 31, 34, 36, 37, 39]
[0, 1, 3, 6, 8, 10, 25, 28, 29, 31, 34, 36, 38, 39]
[0, 1, 3, 6, 8, 10, 25, 28, 29, 32, 33, 35, 37, 39]
[0, 1, 3, 6, 8, 10, 25, 28, 29, 32, 33, 35, 38, 39]
[0, 1, 3, 6, 8, 10, 25, 28, 29, 32, 33, 36, 37, 39]
[0, 1, 3, 6, 8, 10, 25, 28, 29, 32, 33, 36, 38, 39]
[0, 1, 3, 6, 8, 10, 25, 28, 29, 32, 34, 35, 37, 39]
[0, 1, 3, 6, 8, 10, 25, 28, 29, 32, 34, 35, 38, 39]
[0, 1, 3, 6, 8, 10, 25, 28, 29, 32, 34, 36, 37, 39]
[0, 1, 3, 6, 8, 10, 25, 28, 29, 32, 34, 36, 38, 39]
[0, 1, 3, 6, 8, 10, 25, 28, 30, 31, 33, 35, 37, 39]
[0, 1, 3, 6, 8, 10, 25, 28, 30, 31, 33, 35, 38, 39]
[0, 1, 3, 6, 8, 10, 25, 28, 30, 31, 33, 36, 37, 39]
[0, 1, 3, 6, 8, 10, 25, 28, 30, 31, 33, 36, 38, 39]
[0, 1, 3, 6, 8, 10, 25, 28, 30, 31, 34, 35, 37, 39]
[0, 1, 3, 6, 8, 10, 25, 28, 30, 31, 34, 35, 38, 39]
[0, 1, 3, 6, 8, 10, 25, 28, 30, 31, 34, 36, 37, 39]
[0, 1, 3, 6, 8, 10, 25, 28, 30, 31, 34, 36, 38, 39]
[0, 1, 3, 6, 8, 10, 25, 28, 30, 32, 33, 35, 37, 39]
[0, 1, 3, 6, 8, 10, 25, 28, 30, 32, 33, 35, 38, 39]
[0, 1, 3, 6, 8, 10, 25, 28, 30, 32, 33, 36, 37, 39]
[0, 1, 3, 6, 8, 10, 25, 28, 30, 32, 33, 36, 38, 39]
[0, 1, 3, 6, 8, 10, 25, 28, 30, 32, 34, 35, 37, 39]
[0, 1, 3, 6, 8, 10, 25, 28, 30, 32, 34, 35, 38, 39]
[0, 1, 3, 6, 8, 10, 25, 28, 30, 32, 34, 36, 37, 39]
[0, 1, 3, 6, 8, 10, 25, 28, 30, 32, 34, 36, 38, 39]
[0, 1, 3, 6, 8, 10, 26, 33, 35, 37, 39]
[0, 1, 3, 6, 8, 10, 26, 33, 35, 38, 39]
[0, 1, 3, 6, 8, 10, 26, 33, 36, 37, 39]
[0, 1, 3, 6, 8, 10, 26, 33, 36, 38, 39]
[0, 1, 3, 6, 8, 10, 26, 34, 35, 37, 39]
[0, 1, 3, 6, 8, 10, 26, 34, 35, 38, 39]
[0, 1, 3, 6, 8, 10, 26, 34, 36, 37, 39]
[0, 1, 3, 6, 8, 10, 26, 34, 36, 38, 39]
[0, 1, 4, 5, 7, 9, 11, 13, 15, 17, 39]
[0, 1, 4, 5, 7, 9, 11, 13, 15, 18, 19, 21, 23, 39]
[0, 1, 4, 5, 7, 9, 11, 13, 15, 18, 19, 21, 24, 39]
[0, 1, 4, 5, 7, 9, 11, 13, 15, 18, 19, 22, 23, 39]
[0, 1, 4, 5, 7, 9, 11, 13, 15, 18, 19, 22, 24, 39]
[0, 1, 4, 5, 7, 9, 11, 13, 15, 18, 20, 21, 23, 39]
[0, 1, 4, 5, 7, 9, 11, 13, 15, 18, 20, 21, 24, 39]
[0, 1, 4, 5, 7, 9, 11, 13, 15, 18, 20, 22, 23, 39]
[0, 1, 4, 5, 7, 9, 11, 13, 15, 18, 20, 22, 24, 39]
[0, 1, 4, 5, 7, 9, 11, 13, 16, 39]
[0, 1, 4, 5, 7, 9, 11, 14, 15, 17, 39]
[0, 1, 4, 5, 7, 9, 11, 14, 15, 18, 19, 21, 23, 39]
[0, 1, 4, 5, 7, 9, 11, 14, 15, 18, 19, 21, 24, 39]
[0, 1, 4, 5, 7, 9, 11, 14, 15, 18, 19, 22, 23, 39]
[0, 1, 4, 5, 7, 9, 11, 14, 15, 18, 19, 22, 24, 39]
[0, 1, 4, 5, 7, 9, 11, 14, 15, 18, 20, 21, 23, 39]
[0, 1, 4, 5, 7, 9, 11, 14, 15, 18, 20, 21, 24, 39]
[0, 1, 4, 5, 7, 9, 11, 14, 15, 18, 20, 22, 23, 39]
[0, 1, 4, 5, 7, 9, 11, 14, 15, 18, 20, 22, 24, 39]
[0, 1, 4, 5, 7, 9, 11, 14, 16, 39]
[0, 1, 4, 5, 7, 9, 12, 13, 15, 17, 39]
[0, 1, 4, 5, 7, 9, 12, 13, 15, 18, 19, 21, 23, 39]
[0, 1, 4, 5, 7, 9, 12, 13, 15, 18, 19, 21, 24, 39]
[0, 1, 4, 5, 7, 9, 12, 13, 15, 18, 19, 22, 23, 39]
[0, 1, 4, 5, 7, 9, 12, 13, 15, 18, 19, 22, 24, 39]
[0, 1, 4, 5, 7, 9, 12, 13, 15, 18, 20, 21, 23, 39]
[0, 1, 4, 5, 7, 9, 12, 13, 15, 18, 20, 21, 24, 39]
[0, 1, 4, 5, 7, 9, 12, 13, 15, 18, 20, 22, 23, 39]
[0, 1, 4, 5, 7, 9, 12, 13, 15, 18, 20, 22, 24, 39]
[0, 1, 4, 5, 7, 9, 12, 13, 16, 39]
[0, 1, 4, 5, 7, 9, 12, 14, 15, 17, 39]
[0, 1, 4, 5, 7, 9, 12, 14, 15, 18, 19, 21, 23, 39]
[0, 1, 4, 5, 7, 9, 12, 14, 15, 18, 19, 21, 24, 39]
[0, 1, 4, 5, 7, 9, 12, 14, 15, 18, 19, 22, 23, 39]
[0, 1, 4, 5, 7, 9, 12, 14, 15, 18, 19, 22, 24, 39]
[0, 1, 4, 5, 7, 9, 12, 14, 15, 18, 20, 21, 23, 39]
[0, 1, 4, 5, 7, 9, 12, 14, 15, 18, 20, 21, 24, 39]
[0, 1, 4, 5, 7, 9, 12, 14, 15, 18, 20, 22, 23, 39]
[0, 1, 4, 5, 7, 9, 12, 14, 15, 18, 20, 22, 24, 39]
[0, 1, 4, 5, 7, 9, 12, 14, 16, 39]
[0, 1, 4, 5, 7, 10, 25, 27, 29, 31, 33, 35, 37, 39]
[0, 1, 4, 5, 7, 10, 25, 27, 29, 31, 33, 35, 38, 39]
[0, 1, 4, 5, 7, 10, 25, 27, 29, 31, 33, 36, 37, 39]
[0, 1, 4, 5, 7, 10, 25, 27, 29, 31, 33, 36, 38, 39]
[0, 1, 4, 5, 7, 10, 25, 27, 29, 31, 34, 35, 37, 39]
[0, 1, 4, 5, 7, 10, 25, 27, 29, 31, 34, 35, 38, 39]
[0, 1, 4, 5, 7, 10, 25, 27, 29, 31, 34, 36, 37, 39]
[0, 1, 4, 5, 7, 10, 25, 27, 29, 31, 34, 36, 38, 39]
[0, 1, 4, 5, 7, 10, 25, 27, 29, 32, 33, 35, 37, 39]
[0, 1, 4, 5, 7, 10, 25, 27, 29, 32, 33, 35, 38, 39]
[0, 1, 4, 5, 7, 10, 25, 27, 29, 32, 33, 36, 37, 39]
[0, 1, 4, 5, 7, 10, 25, 27, 29, 32, 33, 36, 38, 39]
[0, 1, 4, 5, 7, 10, 25, 27, 29, 32, 34, 35, 37, 39]
[0, 1, 4, 5, 7, 10, 25, 27, 29, 32, 34, 35, 38, 39]
[0, 1, 4, 5, 7, 10, 25, 27, 29, 32, 34, 36, 37, 39]
[0, 1, 4, 5, 7, 10, 25, 27, 29, 32, 34, 36, 38, 39]
[0, 1, 4, 5, 7, 10, 25, 27, 30, 31, 33, 35, 37, 39]
[0, 1, 4, 5, 7, 10, 25, 27, 30, 31, 33, 35, 38, 39]
[0, 1, 4, 5, 7, 10, 25, 27, 30, 31, 33, 36, 37, 39]
[0, 1, 4, 5, 7, 10, 25, 27, 30, 31, 33, 36, 38, 39]
[0, 1, 4, 5, 7, 10, 25, 27, 30, 31, 34, 35, 37, 39]
[0, 1, 4, 5, 7, 10, 25, 27, 30, 31, 34, 35, 38, 39]
[0, 1, 4, 5, 7, 10, 25, 27, 30, 31, 34, 36, 37, 39]
[0, 1, 4, 5, 7, 10, 25, 27, 30, 31, 34, 36, 38, 39]
[0, 1, 4, 5, 7, 10, 25, 27, 30, 32, 33, 35, 37, 39]
[0, 1, 4, 5, 7, 10, 25, 27, 30, 32, 33, 35, 38, 39]
[0, 1, 4, 5, 7, 10, 25, 27, 30, 32, 33, 36, 37, 39]
[0, 1, 4, 5, 7, 10, 25, 27, 30, 32, 33, 36, 38, 39]
[0, 1, 4, 5, 7, 10, 25, 27, 30, 32, 34, 35, 37, 39]
[0, 1, 4, 5, 7, 10, 25, 27, 30, 32, 34, 35, 38, 39]
[0, 1, 4, 5, 7, 10, 25, 27, 30, 32, 34, 36, 37, 39]
[0, 1, 4, 5, 7, 10, 25, 27, 30, 32, 34, 36, 38, 39]
[0, 1, 4, 5, 7, 10, 25, 28, 29, 31, 33, 35, 37, 39]
[0, 1, 4, 5, 7, 10, 25, 28, 29, 31, 33, 35, 38, 39]
[0, 1, 4, 5, 7, 10, 25, 28, 29, 31, 33, 36, 37, 39]
[0, 1, 4, 5, 7, 10, 25, 28, 29, 31, 33, 36, 38, 39]
[0, 1, 4, 5, 7, 10, 25, 28, 29, 31, 34, 35, 37, 39]
[0, 1, 4, 5, 7, 10, 25, 28, 29, 31, 34, 35, 38, 39]
[0, 1, 4, 5, 7, 10, 25, 28, 29, 31, 34, 36, 37, 39]
[0, 1, 4, 5, 7, 10, 25, 28, 29, 31, 34, 36, 38, 39]
[0, 1, 4, 5, 7, 10, 25, 28, 29, 32, 33, 35, 37, 39]
[0, 1, 4, 5, 7, 10, 25, 28, 29, 32, 33, 35, 38, 39]
[0, 1, 4, 5, 7, 10, 25, 28, 29, 32, 33, 36, 37, 39]
[0, 1, 4, 5, 7, 10, 25, 28, 29, 32, 33, 36, 38, 39]
[0, 1, 4, 5, 7, 10, 25, 28, 29, 32, 34, 35, 37, 39]
[0, 1, 4, 5, 7, 10, 25, 28, 29, 32, 34, 35, 38, 39]
[0, 1, 4, 5, 7, 10, 25, 28, 29, 32, 34, 36, 37, 39]
[0, 1, 4, 5, 7, 10, 25, 28, 29, 32, 34, 36, 38, 39]
[0, 1, 4, 5, 7, 10, 25, 28, 30, 31, 33, 35, 37, 39]
[0, 1, 4, 5, 7, 10, 25, 28, 30, 31, 33, 35, 38, 39]
[0, 1, 4, 5, 7, 10, 25, 28, 30, 31, 33, 36, 37, 39]
[0, 1, 4, 5, 7, 10, 25, 28, 30, 31, 33, 36, 38, 39]
[0, 1, 4, 5, 7, 10, 25, 28, 30, 31, 34, 35, 37, 39]
[0, 1, 4, 5, 7, 10, 25, 28, 30, 31, 34, 35, 38, 39]
[0, 1, 4, 5, 7, 10, 25, 28, 30, 31, 34, 36, 37, 39]
[0, 1, 4, 5, 7, 10, 25, 28, 30, 31, 34, 36, 38, 39]
[0, 1, 4, 5, 7, 10, 25, 28, 30, 32, 33, 35, 37, 39]
[0, 1, 4, 5, 7, 10, 25, 28, 30, 32, 33, 35, 38, 39]
[0, 1, 4, 5, 7, 10, 25, 28, 30, 32, 33, 36, 37, 39]
[0, 1, 4, 5, 7, 10, 25, 28, 30, 32, 33, 36, 38, 39]
[0, 1, 4, 5, 7, 10, 25, 28, 30, 32, 34, 35, 37, 39]
[0, 1, 4, 5, 7, 10, 25, 28, 30, 32, 34, 35, 38, 39]
[0, 1, 4, 5, 7, 10, 25, 28, 30, 32, 34, 36, 37, 39]
[0, 1, 4, 5, 7, 10, 25, 28, 30, 32, 34, 36, 38, 39]
[0, 1, 4, 5, 7, 10, 26, 33, 35, 37, 39]
[0, 1, 4, 5, 7, 10, 26, 33, 35, 38, 39]
[0, 1, 4, 5, 7, 10, 26, 33, 36, 37, 39]
[0, 1, 4, 5, 7, 10, 26, 33, 36, 38, 39]
[0, 1, 4, 5, 7, 10, 26, 34, 35, 37, 39]
[0, 1, 4, 5, 7, 10, 26, 34, 35, 38, 39]
[0, 1, 4, 5, 7, 10, 26, 34, 36, 37, 39]
[0, 1, 4, 5, 7, 10, 26, 34, 36, 38, 39]
[0, 1, 4, 5, 8, 9, 11, 13, 15, 17, 39]
[0, 1, 4, 5, 8, 9, 11, 13, 15, 18, 19, 21, 23, 39]
[0, 1, 4, 5, 8, 9, 11, 13, 15, 18, 19, 21, 24, 39]
[0, 1, 4, 5, 8, 9, 11, 13, 15, 18, 19, 22, 23, 39]
[0, 1, 4, 5, 8, 9, 11, 13, 15, 18, 19, 22, 24, 39]
[0, 1, 4, 5, 8, 9, 11, 13, 15, 18, 20, 21, 23, 39]
[0, 1, 4, 5, 8, 9, 11, 13, 15, 18, 20, 21, 24, 39]
[0, 1, 4, 5, 8, 9, 11, 13, 15, 18, 20, 22, 23, 39]
[0, 1, 4, 5, 8, 9, 11, 13, 15, 18, 20, 22, 24, 39]
[0, 1, 4, 5, 8, 9, 11, 13, 16, 39]
[0, 1, 4, 5, 8, 9, 11, 14, 15, 17, 39]
[0, 1, 4, 5, 8, 9, 11, 14, 15, 18, 19, 21, 23, 39]
[0, 1, 4, 5, 8, 9, 11, 14, 15, 18, 19, 21, 24, 39]
[0, 1, 4, 5, 8, 9, 11, 14, 15, 18, 19, 22, 23, 39]
[0, 1, 4, 5, 8, 9, 11, 14, 15, 18, 19, 22, 24, 39]
[0, 1, 4, 5, 8, 9, 11, 14, 15, 18, 20, 21, 23, 39]
[0, 1, 4, 5, 8, 9, 11, 14, 15, 18, 20, 21, 24, 39]
[0, 1, 4, 5, 8, 9, 11, 14, 15, 18, 20, 22, 23, 39]
[0, 1, 4, 5, 8, 9, 11, 14, 15, 18, 20, 22, 24, 39]
[0, 1, 4, 5, 8, 9, 11, 14, 16, 39]
[0, 1, 4, 5, 8, 9, 12, 13, 15, 17, 39]
[0, 1, 4, 5, 8, 9, 12, 13, 15, 18, 19, 21, 23, 39]
[0, 1, 4, 5, 8, 9, 12, 13, 15, 18, 19, 21, 24, 39]
[0, 1, 4, 5, 8, 9, 12, 13, 15, 18, 19, 22, 23, 39]
[0, 1, 4, 5, 8, 9, 12, 13, 15, 18, 19, 22, 24, 39]
[0, 1, 4, 5, 8, 9, 12, 13, 15, 18, 20, 21, 23, 39]
[0, 1, 4, 5, 8, 9, 12, 13, 15, 18, 20, 21, 24, 39]
[0, 1, 4, 5, 8, 9, 12, 13, 15, 18, 20, 22, 23, 39]
[0, 1, 4, 5, 8, 9, 12, 13, 15, 18, 20, 22, 24, 39]
[0, 1, 4, 5, 8, 9, 12, 13, 16, 39]
[0, 1, 4, 5, 8, 9, 12, 14, 15, 17, 39]
[0, 1, 4, 5, 8, 9, 12, 14, 15, 18, 19, 21, 23, 39]
[0, 1, 4, 5, 8, 9, 12, 14, 15, 18, 19, 21, 24, 39]
[0, 1, 4, 5, 8, 9, 12, 14, 15, 18, 19, 22, 23, 39]
[0, 1, 4, 5, 8, 9, 12, 14, 15, 18, 19, 22, 24, 39]
[0, 1, 4, 5, 8, 9, 12, 14, 15, 18, 20, 21, 23, 39]
[0, 1, 4, 5, 8, 9, 12, 14, 15, 18, 20, 21, 24, 39]
[0, 1, 4, 5, 8, 9, 12, 14, 15, 18, 20, 22, 23, 39]
[0, 1, 4, 5, 8, 9, 12, 14, 15, 18, 20, 22, 24, 39]
[0, 1, 4, 5, 8, 9, 12, 14, 16, 39]
[0, 1, 4, 5, 8, 10, 25, 27, 29, 31, 33, 35, 37, 39]
[0, 1, 4, 5, 8, 10, 25, 27, 29, 31, 33, 35, 38, 39]
[0, 1, 4, 5, 8, 10, 25, 27, 29, 31, 33, 36, 37, 39]
[0, 1, 4, 5, 8, 10, 25, 27, 29, 31, 33, 36, 38, 39]
[0, 1, 4, 5, 8, 10, 25, 27, 29, 31, 34, 35, 37, 39]
[0, 1, 4, 5, 8, 10, 25, 27, 29, 31, 34, 35, 38, 39]
[0, 1, 4, 5, 8, 10, 25, 27, 29, 31, 34, 36, 37, 39]
[0, 1, 4, 5, 8, 10, 25, 27, 29, 31, 34, 36, 38, 39]
[0, 1, 4, 5, 8, 10, 25, 27, 29, 32, 33, 35, 37, 39]
[0, 1, 4, 5, 8, 10, 25, 27, 29, 32, 33, 35, 38, 39]
[0, 1, 4, 5, 8, 10, 25, 27, 29, 32, 33, 36, 37, 39]
[0, 1, 4, 5, 8, 10, 25, 27, 29, 32, 33, 36, 38, 39]
[0, 1, 4, 5, 8, 10, 25, 27, 29, 32, 34, 35, 37, 39]
[0, 1, 4, 5, 8, 10, 25, 27, 29, 32, 34, 35, 38, 39]
[0, 1, 4, 5, 8, 10, 25, 27, 29, 32, 34, 36, 37, 39]
[0, 1, 4, 5, 8, 10, 25, 27, 29, 32, 34, 36, 38, 39]
[0, 1, 4, 5, 8, 10, 25, 27, 30, 31, 33, 35, 37, 39]
[0, 1, 4, 5, 8, 10, 25, 27, 30, 31, 33, 35, 38, 39]
[0, 1, 4, 5, 8, 10, 25, 27, 30, 31, 33, 36, 37, 39]
[0, 1, 4, 5, 8, 10, 25, 27, 30, 31, 33, 36, 38, 39]
[0, 1, 4, 5, 8, 10, 25, 27, 30, 31, 34, 35, 37, 39]
[0, 1, 4, 5, 8, 10, 25, 27, 30, 31, 34, 35, 38, 39]
[0, 1, 4, 5, 8, 10, 25, 27, 30, 31, 34, 36, 37, 39]
[0, 1, 4, 5, 8, 10, 25, 27, 30, 31, 34, 36, 38, 39]
[0, 1, 4, 5, 8, 10, 25, 27, 30, 32, 33, 35, 37, 39]
[0, 1, 4, 5, 8, 10, 25, 27, 30, 32, 33, 35, 38, 39]
[0, 1, 4, 5, 8, 10, 25, 27, 30, 32, 33, 36, 37, 39]
[0, 1, 4, 5, 8, 10, 25, 27, 30, 32, 33, 36, 38, 39]
[0, 1, 4, 5, 8, 10, 25, 27, 30, 32, 34, 35, 37, 39]
[0, 1, 4, 5, 8, 10, 25, 27, 30, 32, 34, 35, 38, 39]
[0, 1, 4, 5, 8, 10, 25, 27, 30, 32, 34, 36, 37, 39]
[0, 1, 4, 5, 8, 10, 25, 27, 30, 32, 34, 36, 38, 39]
[0, 1, 4, 5, 8, 10, 25, 28, 29, 31, 33, 35, 37, 39]
[0, 1, 4, 5, 8, 10, 25, 28, 29, 31, 33, 35, 38, 39]
[0, 1, 4, 5, 8, 10, 25, 28, 29, 31, 33, 36, 37, 39]
[0, 1, 4, 5, 8, 10, 25, 28, 29, 31, 33, 36, 38, 39]
[0, 1, 4, 5, 8, 10, 25, 28, 29, 31, 34, 35, 37, 39]
[0, 1, 4, 5, 8, 10, 25, 28, 29, 31, 34, 35, 38, 39]
[0, 1, 4, 5, 8, 10, 25, 28, 29, 31, 34, 36, 37, 39]
[0, 1, 4, 5, 8, 10, 25, 28, 29, 31, 34, 36, 38, 39]
[0, 1, 4, 5, 8, 10, 25, 28, 29, 32, 33, 35, 37, 39]
[0, 1, 4, 5, 8, 10, 25, 28, 29, 32, 33, 35, 38, 39]
[0, 1, 4, 5, 8, 10, 25, 28, 29, 32, 33, 36, 37, 39]
[0, 1, 4, 5, 8, 10, 25, 28, 29, 32, 33, 36, 38, 39]
[0, 1, 4, 5, 8, 10, 25, 28, 29, 32, 34, 35, 37, 39]
[0, 1, 4, 5, 8, 10, 25, 28, 29, 32, 34, 35, 38, 39]
[0, 1, 4, 5, 8, 10, 25, 28, 29, 32, 34, 36, 37, 39]
[0, 1, 4, 5, 8, 10, 25, 28, 29, 32, 34, 36, 38, 39]
[0, 1, 4, 5, 8, 10, 25, 28, 30, 31, 33, 35, 37, 39]
[0, 1, 4, 5, 8, 10, 25, 28, 30, 31, 33, 35, 38, 39]
[0, 1, 4, 5, 8, 10, 25, 28, 30, 31, 33, 36, 37, 39]
[0, 1, 4, 5, 8, 10, 25, 28, 30, 31, 33, 36, 38, 39]
[0, 1, 4, 5, 8, 10, 25, 28, 30, 31, 34, 35, 37, 39]
[0, 1, 4, 5, 8, 10, 25, 28, 30, 31, 34, 35, 38, 39]
[0, 1, 4, 5, 8, 10, 25, 28, 30, 31, 34, 36, 37, 39]
[0, 1, 4, 5, 8, 10, 25, 28, 30, 31, 34, 36, 38, 39]
[0, 1, 4, 5, 8, 10, 25, 28, 30, 32, 33, 35, 37, 39]
[0, 1, 4, 5, 8, 10, 25, 28, 30, 32, 33, 35, 38, 39]
[0, 1, 4, 5, 8, 10, 25, 28, 30, 32, 33, 36, 37, 39]
[0, 1, 4, 5, 8, 10, 25, 28, 30, 32, 33, 36, 38, 39]
[0, 1, 4, 5, 8, 10, 25, 28, 30, 32, 34, 35, 37, 39]
[0, 1, 4, 5, 8, 10, 25, 28, 30, 32, 34, 35, 38, 39]
[0, 1, 4, 5, 8, 10, 25, 28, 30, 32, 34, 36, 37, 39]
[0, 1, 4, 5, 8, 10, 25, 28, 30, 32, 34, 36, 38, 39]
[0, 1, 4, 5, 8, 10, 26, 33, 35, 37, 39]
[0, 1, 4, 5, 8, 10, 26, 33, 35, 38, 39]
[0, 1, 4, 5, 8, 10, 26, 33, 36, 37, 39]
[0, 1, 4, 5, 8, 10, 26, 33, 36, 38, 39]
[0, 1, 4, 5, 8, 10, 26, 34, 35, 37, 39]
[0, 1, 4, 5, 8, 10, 26, 34, 35, 38, 39]
[0, 1, 4, 5, 8, 10, 26, 34, 36, 37, 39]
[0, 1, 4, 5, 8, 10, 26, 34, 36, 38, 39]
[0, 1, 4, 6, 7, 9, 11, 13, 15, 17, 39]
[0, 1, 4, 6, 7, 9, 11, 13, 15, 18, 19, 21, 23, 39]
[0, 1, 4, 6, 7, 9, 11, 13, 15, 18, 19, 21, 24, 39]
[0, 1, 4, 6, 7, 9, 11, 13, 15, 18, 19, 22, 23, 39]
[0, 1, 4, 6, 7, 9, 11, 13, 15, 18, 19, 22, 24, 39]
[0, 1, 4, 6, 7, 9, 11, 13, 15, 18, 20, 21, 23, 39]
[0, 1, 4, 6, 7, 9, 11, 13, 15, 18, 20, 21, 24, 39]
[0, 1, 4, 6, 7, 9, 11, 13, 15, 18, 20, 22, 23, 39]
[0, 1, 4, 6, 7, 9, 11, 13, 15, 18, 20, 22, 24, 39]
[0, 1, 4, 6, 7, 9, 11, 13, 16, 39]
[0, 1, 4, 6, 7, 9, 11, 14, 15, 17, 39]
[0, 1, 4, 6, 7, 9, 11, 14, 15, 18, 19, 21, 23, 39]
[0, 1, 4, 6, 7, 9, 11, 14, 15, 18, 19, 21, 24, 39]
[0, 1, 4, 6, 7, 9, 11, 14, 15, 18, 19, 22, 23, 39]
[0, 1, 4, 6, 7, 9, 11, 14, 15, 18, 19, 22, 24, 39]
[0, 1, 4, 6, 7, 9, 11, 14, 15, 18, 20, 21, 23, 39]
[0, 1, 4, 6, 7, 9, 11, 14, 15, 18, 20, 21, 24, 39]
[0, 1, 4, 6, 7, 9, 11, 14, 15, 18, 20, 22, 23, 39]
[0, 1, 4, 6, 7, 9, 11, 14, 15, 18, 20, 22, 24, 39]
[0, 1, 4, 6, 7, 9, 11, 14, 16, 39]
[0, 1, 4, 6, 7, 9, 12, 13, 15, 17, 39]
[0, 1, 4, 6, 7, 9, 12, 13, 15, 18, 19, 21, 23, 39]
[0, 1, 4, 6, 7, 9, 12, 13, 15, 18, 19, 21, 24, 39]
[0, 1, 4, 6, 7, 9, 12, 13, 15, 18, 19, 22, 23, 39]
[0, 1, 4, 6, 7, 9, 12, 13, 15, 18, 19, 22, 24, 39]
[0, 1, 4, 6, 7, 9, 12, 13, 15, 18, 20, 21, 23, 39]
[0, 1, 4, 6, 7, 9, 12, 13, 15, 18, 20, 21, 24, 39]
[0, 1, 4, 6, 7, 9, 12, 13, 15, 18, 20, 22, 23, 39]
[0, 1, 4, 6, 7, 9, 12, 13, 15, 18, 20, 22, 24, 39]
[0, 1, 4, 6, 7, 9, 12, 13, 16, 39]
[0, 1, 4, 6, 7, 9, 12, 14, 15, 17, 39]
[0, 1, 4, 6, 7, 9, 12, 14, 15, 18, 19, 21, 23, 39]
[0, 1, 4, 6, 7, 9, 12, 14, 15, 18, 19, 21, 24, 39]
[0, 1, 4, 6, 7, 9, 12, 14, 15, 18, 19, 22, 23, 39]
[0, 1, 4, 6, 7, 9, 12, 14, 15, 18, 19, 22, 24, 39]
[0, 1, 4, 6, 7, 9, 12, 14, 15, 18, 20, 21, 23, 39]
[0, 1, 4, 6, 7, 9, 12, 14, 15, 18, 20, 21, 24, 39]
[0, 1, 4, 6, 7, 9, 12, 14, 15, 18, 20, 22, 23, 39]
[0, 1, 4, 6, 7, 9, 12, 14, 15, 18, 20, 22, 24, 39]
[0, 1, 4, 6, 7, 9, 12, 14, 16, 39]
[0, 1, 4, 6, 7, 10, 25, 27, 29, 31, 33, 35, 37, 39]
[0, 1, 4, 6, 7, 10, 25, 27, 29, 31, 33, 35, 38, 39]
[0, 1, 4, 6, 7, 10, 25, 27, 29, 31, 33, 36, 37, 39]
[0, 1, 4, 6, 7, 10, 25, 27, 29, 31, 33, 36, 38, 39]
[0, 1, 4, 6, 7, 10, 25, 27, 29, 31, 34, 35, 37, 39]
[0, 1, 4, 6, 7, 10, 25, 27, 29, 31, 34, 35, 38, 39]
[0, 1, 4, 6, 7, 10, 25, 27, 29, 31, 34, 36, 37, 39]
[0, 1, 4, 6, 7, 10, 25, 27, 29, 31, 34, 36, 38, 39]
[0, 1, 4, 6, 7, 10, 25, 27, 29, 32, 33, 35, 37, 39]
[0, 1, 4, 6, 7, 10, 25, 27, 29, 32, 33, 35, 38, 39]
[0, 1, 4, 6, 7, 10, 25, 27, 29, 32, 33, 36, 37, 39]
[0, 1, 4, 6, 7, 10, 25, 27, 29, 32, 33, 36, 38, 39]
[0, 1, 4, 6, 7, 10, 25, 27, 29, 32, 34, 35, 37, 39]
[0, 1, 4, 6, 7, 10, 25, 27, 29, 32, 34, 35, 38, 39]
[0, 1, 4, 6, 7, 10, 25, 27, 29, 32, 34, 36, 37, 39]
[0, 1, 4, 6, 7, 10, 25, 27, 29, 32, 34, 36, 38, 39]
[0, 1, 4, 6, 7, 10, 25, 27, 30, 31, 33, 35, 37, 39]
[0, 1, 4, 6, 7, 10, 25, 27, 30, 31, 33, 35, 38, 39]
[0, 1, 4, 6, 7, 10, 25, 27, 30, 31, 33, 36, 37, 39]
[0, 1, 4, 6, 7, 10, 25, 27, 30, 31, 33, 36, 38, 39]
[0, 1, 4, 6, 7, 10, 25, 27, 30, 31, 34, 35, 37, 39]
[0, 1, 4, 6, 7, 10, 25, 27, 30, 31, 34, 35, 38, 39]
[0, 1, 4, 6, 7, 10, 25, 27, 30, 31, 34, 36, 37, 39]
[0, 1, 4, 6, 7, 10, 25, 27, 30, 31, 34, 36, 38, 39]
[0, 1, 4, 6, 7, 10, 25, 27, 30, 32, 33, 35, 37, 39]
[0, 1, 4, 6, 7, 10, 25, 27, 30, 32, 33, 35, 38, 39]
[0, 1, 4, 6, 7, 10, 25, 27, 30, 32, 33, 36, 37, 39]
[0, 1, 4, 6, 7, 10, 25, 27, 30, 32, 33, 36, 38, 39]
[0, 1, 4, 6, 7, 10, 25, 27, 30, 32, 34, 35, 37, 39]
[0, 1, 4, 6, 7, 10, 25, 27, 30, 32, 34, 35, 38, 39]
[0, 1, 4, 6, 7, 10, 25, 27, 30, 32, 34, 36, 37, 39]
[0, 1, 4, 6, 7, 10, 25, 27, 30, 32, 34, 36, 38, 39]
[0, 1, 4, 6, 7, 10, 25, 28, 29, 31, 33, 35, 37, 39]
[0, 1, 4, 6, 7, 10, 25, 28, 29, 31, 33, 35, 38, 39]
[0, 1, 4, 6, 7, 10, 25, 28, 29, 31, 33, 36, 37, 39]
[0, 1, 4, 6, 7, 10, 25, 28, 29, 31, 33, 36, 38, 39]
[0, 1, 4, 6, 7, 10, 25, 28, 29, 31, 34, 35, 37, 39]
[0, 1, 4, 6, 7, 10, 25, 28, 29, 31, 34, 35, 38, 39]
[0, 1, 4, 6, 7, 10, 25, 28, 29, 31, 34, 36, 37, 39]
[0, 1, 4, 6, 7, 10, 25, 28, 29, 31, 34, 36, 38, 39]
[0, 1, 4, 6, 7, 10, 25, 28, 29, 32, 33, 35, 37, 39]
[0, 1, 4, 6, 7, 10, 25, 28, 29, 32, 33, 35, 38, 39]
[0, 1, 4, 6, 7, 10, 25, 28, 29, 32, 33, 36, 37, 39]
[0, 1, 4, 6, 7, 10, 25, 28, 29, 32, 33, 36, 38, 39]
[0, 1, 4, 6, 7, 10, 25, 28, 29, 32, 34, 35, 37, 39]
[0, 1, 4, 6, 7, 10, 25, 28, 29, 32, 34, 35, 38, 39]
[0, 1, 4, 6, 7, 10, 25, 28, 29, 32, 34, 36, 37, 39]
[0, 1, 4, 6, 7, 10, 25, 28, 29, 32, 34, 36, 38, 39]
[0, 1, 4, 6, 7, 10, 25, 28, 30, 31, 33, 35, 37, 39]
[0, 1, 4, 6, 7, 10, 25, 28, 30, 31, 33, 35, 38, 39]
[0, 1, 4, 6, 7, 10, 25, 28, 30, 31, 33, 36, 37, 39]
[0, 1, 4, 6, 7, 10, 25, 28, 30, 31, 33, 36, 38, 39]
[0, 1, 4, 6, 7, 10, 25, 28, 30, 31, 34, 35, 37, 39]
[0, 1, 4, 6, 7, 10, 25, 28, 30, 31, 34, 35, 38, 39]
[0, 1, 4, 6, 7, 10, 25, 28, 30, 31, 34, 36, 37, 39]
[0, 1, 4, 6, 7, 10, 25, 28, 30, 31, 34, 36, 38, 39]
[0, 1, 4, 6, 7, 10, 25, 28, 30, 32, 33, 35, 37, 39]
[0, 1, 4, 6, 7, 10, 25, 28, 30, 32, 33, 35, 38, 39]
[0, 1, 4, 6, 7, 10, 25, 28, 30, 32, 33, 36, 37, 39]
[0, 1, 4, 6, 7, 10, 25, 28, 30, 32, 33, 36, 38, 39]
[0, 1, 4, 6, 7, 10, 25, 28, 30, 32, 34, 35, 37, 39]
[0, 1, 4, 6, 7, 10, 25, 28, 30, 32, 34, 35, 38, 39]
[0, 1, 4, 6, 7, 10, 25, 28, 30, 32, 34, 36, 37, 39]
[0, 1, 4, 6, 7, 10, 25, 28, 30, 32, 34, 36, 38, 39]
[0, 1, 4, 6, 7, 10, 26, 33, 35, 37, 39]
[0, 1, 4, 6, 7, 10, 26, 33, 35, 38, 39]
[0, 1, 4, 6, 7, 10, 26, 33, 36, 37, 39]
[0, 1, 4, 6, 7, 10, 26, 33, 36, 38, 39]
[0, 1, 4, 6, 7, 10, 26, 34, 35, 37, 39]
[0, 1, 4, 6, 7, 10, 26, 34, 35, 38, 39]
[0, 1, 4, 6, 7, 10, 26, 34, 36, 37, 39]
[0, 1, 4, 6, 7, 10, 26, 34, 36, 38, 39]
[0, 1, 4, 6, 8, 9, 11, 13, 15, 17, 39]
[0, 1, 4, 6, 8, 9, 11, 13, 15, 18, 19, 21, 23, 39]
[0, 1, 4, 6, 8, 9, 11, 13, 15, 18, 19, 21, 24, 39]
[0, 1, 4, 6, 8, 9, 11, 13, 15, 18, 19, 22, 23, 39]
[0, 1, 4, 6, 8, 9, 11, 13, 15, 18, 19, 22, 24, 39]
[0, 1, 4, 6, 8, 9, 11, 13, 15, 18, 20, 21, 23, 39]
[0, 1, 4, 6, 8, 9, 11, 13, 15, 18, 20, 21, 24, 39]
[0, 1, 4, 6, 8, 9, 11, 13, 15, 18, 20, 22, 23, 39]
[0, 1, 4, 6, 8, 9, 11, 13, 15, 18, 20, 22, 24, 39]
[0, 1, 4, 6, 8, 9, 11, 13, 16, 39]
[0, 1, 4, 6, 8, 9, 11, 14, 15, 17, 39]
[0, 1, 4, 6, 8, 9, 11, 14, 15, 18, 19, 21, 23, 39]
[0, 1, 4, 6, 8, 9, 11, 14, 15, 18, 19, 21, 24, 39]
[0, 1, 4, 6, 8, 9, 11, 14, 15, 18, 19, 22, 23, 39]
[0, 1, 4, 6, 8, 9, 11, 14, 15, 18, 19, 22, 24, 39]
[0, 1, 4, 6, 8, 9, 11, 14, 15, 18, 20, 21, 23, 39]
[0, 1, 4, 6, 8, 9, 11, 14, 15, 18, 20, 21, 24, 39]
[0, 1, 4, 6, 8, 9, 11, 14, 15, 18, 20, 22, 23, 39]
[0, 1, 4, 6, 8, 9, 11, 14, 15, 18, 20, 22, 24, 39]
[0, 1, 4, 6, 8, 9, 11, 14, 16, 39]
[0, 1, 4, 6, 8, 9, 12, 13, 15, 17, 39]
[0, 1, 4, 6, 8, 9, 12, 13, 15, 18, 19, 21, 23, 39]
[0, 1, 4, 6, 8, 9, 12, 13, 15, 18, 19, 21, 24, 39]
[0, 1, 4, 6, 8, 9, 12, 13, 15, 18, 19, 22, 23, 39]
[0, 1, 4, 6, 8, 9, 12, 13, 15, 18, 19, 22, 24, 39]
[0, 1, 4, 6, 8, 9, 12, 13, 15, 18, 20, 21, 23, 39]
[0, 1, 4, 6, 8, 9, 12, 13, 15, 18, 20, 21, 24, 39]
[0, 1, 4, 6, 8, 9, 12, 13, 15, 18, 20, 22, 23, 39]
[0, 1, 4, 6, 8, 9, 12, 13, 15, 18, 20, 22, 24, 39]
[0, 1, 4, 6, 8, 9, 12, 13, 16, 39]
[0, 1, 4, 6, 8, 9, 12, 14, 15, 17, 39]
[0, 1, 4, 6, 8, 9, 12, 14, 15, 18, 19, 21, 23, 39]
[0, 1, 4, 6, 8, 9, 12, 14, 15, 18, 19, 21, 24, 39]
[0, 1, 4, 6, 8, 9, 12, 14, 15, 18, 19, 22, 23, 39]
[0, 1, 4, 6, 8, 9, 12, 14, 15, 18, 19, 22, 24, 39]
[0, 1, 4, 6, 8, 9, 12, 14, 15, 18, 20, 21, 23, 39]
[0, 1, 4, 6, 8, 9, 12, 14, 15, 18, 20, 21, 24, 39]
[0, 1, 4, 6, 8, 9, 12, 14, 15, 18, 20, 22, 23, 39]
[0, 1, 4, 6, 8, 9, 12, 14, 15, 18, 20, 22, 24, 39]
[0, 1, 4, 6, 8, 9, 12, 14, 16, 39]
[0, 1, 4, 6, 8, 10, 25, 27, 29, 31, 33, 35, 37, 39]
[0, 1, 4, 6, 8, 10, 25, 27, 29, 31, 33, 35, 38, 39]
[0, 1, 4, 6, 8, 10, 25, 27, 29, 31, 33, 36, 37, 39]
[0, 1, 4, 6, 8, 10, 25, 27, 29, 31, 33, 36, 38, 39]
[0, 1, 4, 6, 8, 10, 25, 27, 29, 31, 34, 35, 37, 39]
[0, 1, 4, 6, 8, 10, 25, 27, 29, 31, 34, 35, 38, 39]
[0, 1, 4, 6, 8, 10, 25, 27, 29, 31, 34, 36, 37, 39]
[0, 1, 4, 6, 8, 10, 25, 27, 29, 31, 34, 36, 38, 39]
[0, 1, 4, 6, 8, 10, 25, 27, 29, 32, 33, 35, 37, 39]
[0, 1, 4, 6, 8, 10, 25, 27, 29, 32, 33, 35, 38, 39]
[0, 1, 4, 6, 8, 10, 25, 27, 29, 32, 33, 36, 37, 39]
[0, 1, 4, 6, 8, 10, 25, 27, 29, 32, 33, 36, 38, 39]
[0, 1, 4, 6, 8, 10, 25, 27, 29, 32, 34, 35, 37, 39]
[0, 1, 4, 6, 8, 10, 25, 27, 29, 32, 34, 35, 38, 39]
[0, 1, 4, 6, 8, 10, 25, 27, 29, 32, 34, 36, 37, 39]
[0, 1, 4, 6, 8, 10, 25, 27, 29, 32, 34, 36, 38, 39]
[0, 1, 4, 6, 8, 10, 25, 27, 30, 31, 33, 35, 37, 39]
[0, 1, 4, 6, 8, 10, 25, 27, 30, 31, 33, 35, 38, 39]
[0, 1, 4, 6, 8, 10, 25, 27, 30, 31, 33, 36, 37, 39]
[0, 1, 4, 6, 8, 10, 25, 27, 30, 31, 33, 36, 38, 39]
[0, 1, 4, 6, 8, 10, 25, 27, 30, 31, 34, 35, 37, 39]
[0, 1, 4, 6, 8, 10, 25, 27, 30, 31, 34, 35, 38, 39]
[0, 1, 4, 6, 8, 10, 25, 27, 30, 31, 34, 36, 37, 39]
[0, 1, 4, 6, 8, 10, 25, 27, 30, 31, 34, 36, 38, 39]
[0, 1, 4, 6, 8, 10, 25, 27, 30, 32, 33, 35, 37, 39]
[0, 1, 4, 6, 8, 10, 25, 27, 30, 32, 33, 35, 38, 39]
[0, 1, 4, 6, 8, 10, 25, 27, 30, 32, 33, 36, 37, 39]
[0, 1, 4, 6, 8, 10, 25, 27, 30, 32, 33, 36, 38, 39]
[0, 1, 4, 6, 8, 10, 25, 27, 30, 32, 34, 35, 37, 39]
[0, 1, 4, 6, 8, 10, 25, 27, 30, 32, 34, 35, 38, 39]
[0, 1, 4, 6, 8, 10, 25, 27, 30, 32, 34, 36, 37, 39]
[0, 1, 4, 6, 8, 10, 25, 27, 30, 32, 34, 36, 38, 39]
[0, 1, 4, 6, 8, 10, 25, 28, 29, 31, 33, 35, 37, 39]
[0, 1, 4, 6, 8, 10, 25, 28, 29, 31, 33, 35, 38, 39]
[0, 1, 4, 6, 8, 10, 25, 28, 29, 31, 33, 36, 37, 39]
[0, 1, 4, 6, 8, 10, 25, 28, 29, 31, 33, 36, 38, 39]
[0, 1, 4, 6, 8, 10, 25, 28, 29, 31, 34, 35, 37, 39]
[0, 1, 4, 6, 8, 10, 25, 28, 29, 31, 34, 35, 38, 39]
[0, 1, 4, 6, 8, 10, 25, 28, 29, 31, 34, 36, 37, 39]
[0, 1, 4, 6, 8, 10, 25, 28, 29, 31, 34, 36, 38, 39]
[0, 1, 4, 6, 8, 10, 25, 28, 29, 32, 33, 35, 37, 39]
[0, 1, 4, 6, 8, 10, 25, 28, 29, 32, 33, 35, 38, 39]
[0, 1, 4, 6, 8, 10, 25, 28, 29, 32, 33, 36, 37, 39]
[0, 1, 4, 6, 8, 10, 25, 28, 29, 32, 33, 36, 38, 39]
[0, 1, 4, 6, 8, 10, 25, 28, 29, 32, 34, 35, 37, 39]
[0, 1, 4, 6, 8, 10, 25, 28, 29, 32, 34, 35, 38, 39]
[0, 1, 4, 6, 8, 10, 25, 28, 29, 32, 34, 36, 37, 39]
[0, 1, 4, 6, 8, 10, 25, 28, 29, 32, 34, 36, 38, 39]
[0, 1, 4, 6, 8, 10, 25, 28, 30, 31, 33, 35, 37, 39]
[0, 1, 4, 6, 8, 10, 25, 28, 30, 31, 33, 35, 38, 39]
[0, 1, 4, 6, 8, 10, 25, 28, 30, 31, 33, 36, 37, 39]
[0, 1, 4, 6, 8, 10, 25, 28, 30, 31, 33, 36, 38, 39]
[0, 1, 4, 6, 8, 10, 25, 28, 30, 31, 34, 35, 37, 39]
[0, 1, 4, 6, 8, 10, 25, 28, 30, 31, 34, 35, 38, 39]
[0, 1, 4, 6, 8, 10, 25, 28, 30, 31, 34, 36, 37, 39]
[0, 1, 4, 6, 8, 10, 25, 28, 30, 31, 34, 36, 38, 39]
[0, 1, 4, 6, 8, 10, 25, 28, 30, 32, 33, 35, 37, 39]
[0, 1, 4, 6, 8, 10, 25, 28, 30, 32, 33, 35, 38, 39]
[0, 1, 4, 6, 8, 10, 25, 28, 30, 32, 33, 36, 37, 39]
[0, 1, 4, 6, 8, 10, 25, 28, 30, 32, 33, 36, 38, 39]
[0, 1, 4, 6, 8, 10, 25, 28, 30, 32, 34, 35, 37, 39]
[0, 1, 4, 6, 8, 10, 25, 28, 30, 32, 34, 35, 38, 39]
[0, 1, 4, 6, 8, 10, 25, 28, 30, 32, 34, 36, 37, 39]
[0, 1, 4, 6, 8, 10, 25, 28, 30, 32, 34, 36, 38, 39]
[0, 1, 4, 6, 8, 10, 26, 33, 35, 37, 39]
[0, 1, 4, 6, 8, 10, 26, 33, 35, 38, 39]
[0, 1, 4, 6, 8, 10, 26, 33, 36, 37, 39]
[0, 1, 4, 6, 8, 10, 26, 33, 36, 38, 39]
[0, 1, 4, 6, 8, 10, 26, 34, 35, 37, 39]
[0, 1, 4, 6, 8, 10, 26, 34, 35, 38, 39]
[0, 1, 4, 6, 8, 10, 26, 34, 36, 37, 39]
[0, 1, 4, 6, 8, 10, 26, 34, 36, 38, 39]
[0, 2, 9, 11, 13, 15, 17, 39]
[0, 2, 9, 11, 13, 15, 18, 19, 21, 23, 39]
[0, 2, 9, 11, 13, 15, 18, 19, 21, 24, 39]
[0, 2, 9, 11, 13, 15, 18, 19, 22, 23, 39]
[0, 2, 9, 11, 13, 15, 18, 19, 22, 24, 39]
[0, 2, 9, 11, 13, 15, 18, 20, 21, 23, 39]
[0, 2, 9, 11, 13, 15, 18, 20, 21, 24, 39]
[0, 2, 9, 11, 13, 15, 18, 20, 22, 23, 39]
[0, 2, 9, 11, 13, 15, 18, 20, 22, 24, 39]
[0, 2, 9, 11, 13, 16, 39]
[0, 2, 9, 11, 14, 15, 17, 39]
[0, 2, 9, 11, 14, 15, 18, 19, 21, 23, 39]
[0, 2, 9, 11, 14, 15, 18, 19, 21, 24, 39]
[0, 2, 9, 11, 14, 15, 18, 19, 22, 23, 39]
[0, 2, 9, 11, 14, 15, 18, 19, 22, 24, 39]
[0, 2, 9, 11, 14, 15, 18, 20, 21, 23, 39]
[0, 2, 9, 11, 14, 15, 18, 20, 21, 24, 39]
[0, 2, 9, 11, 14, 15, 18, 20, 22, 23, 39]
[0, 2, 9, 11, 14, 15, 18, 20, 22, 24, 39]
[0, 2, 9, 11, 14, 16, 39]
[0, 2, 9, 12, 13, 15, 17, 39]
[0, 2, 9, 12, 13, 15, 18, 19, 21, 23, 39]
[0, 2, 9, 12, 13, 15, 18, 19, 21, 24, 39]
[0, 2, 9, 12, 13, 15, 18, 19, 22, 23, 39]
[0, 2, 9, 12, 13, 15, 18, 19, 22, 24, 39]
[0, 2, 9, 12, 13, 15, 18, 20, 21, 23, 39]
[0, 2, 9, 12, 13, 15, 18, 20, 21, 24, 39]
[0, 2, 9, 12, 13, 15, 18, 20, 22, 23, 39]
[0, 2, 9, 12, 13, 15, 18, 20, 22, 24, 39]
[0, 2, 9, 12, 13, 16, 39]
[0, 2, 9, 12, 14, 15, 17, 39]
[0, 2, 9, 12, 14, 15, 18, 19, 21, 23, 39]
[0, 2, 9, 12, 14, 15, 18, 19, 21, 24, 39]
[0, 2, 9, 12, 14, 15, 18, 19, 22, 23, 39]
[0, 2, 9, 12, 14, 15, 18, 19, 22, 24, 39]
[0, 2, 9, 12, 14, 15, 18, 20, 21, 23, 39]
[0, 2, 9, 12, 14, 15, 18, 20, 21, 24, 39]
[0, 2, 9, 12, 14, 15, 18, 20, 22, 23, 39]
[0, 2, 9, 12, 14, 15, 18, 20, 22, 24, 39]
[0, 2, 9, 12, 14, 16, 39]
[0, 2, 10, 25, 27, 29, 31, 33, 35, 37, 39]
[0, 2, 10, 25, 27, 29, 31, 33, 35, 38, 39]
[0, 2, 10, 25, 27, 29, 31, 33, 36, 37, 39]
[0, 2, 10, 25, 27, 29, 31, 33, 36, 38, 39]
[0, 2, 10, 25, 27, 29, 31, 34, 35, 37, 39]
[0, 2, 10, 25, 27, 29, 31, 34, 35, 38, 39]
[0, 2, 10, 25, 27, 29, 31, 34, 36, 37, 39]
[0, 2, 10, 25, 27, 29, 31, 34, 36, 38, 39]
[0, 2, 10, 25, 27, 29, 32, 33, 35, 37, 39]
[0, 2, 10, 25, 27, 29, 32, 33, 35, 38, 39]
[0, 2, 10, 25, 27, 29, 32, 33, 36, 37, 39]
[0, 2, 10, 25, 27, 29, 32, 33, 36, 38, 39]
[0, 2, 10, 25, 27, 29, 32, 34, 35, 37, 39]
[0, 2, 10, 25, 27, 29, 32, 34, 35, 38, 39]
[0, 2, 10, 25, 27, 29, 32, 34, 36, 37, 39]
[0, 2, 10, 25, 27, 29, 32, 34, 36, 38, 39]
[0, 2, 10, 25, 27, 30, 31, 33, 35, 37, 39]
[0, 2, 10, 25, 27, 30, 31, 33, 35, 38, 39]
[0, 2, 10, 25, 27, 30, 31, 33, 36, 37, 39]
[0, 2, 10, 25, 27, 30, 31, 33, 36, 38, 39]
[0, 2, 10, 25, 27, 30, 31, 34, 35, 37, 39]
[0, 2, 10, 25, 27, 30, 31, 34, 35, 38, 39]
[0, 2, 10, 25, 27, 30, 31, 34, 36, 37, 39]
[0, 2, 10, 25, 27, 30, 31, 34, 36, 38, 39]
[0, 2, 10, 25, 27, 30, 32, 33, 35, 37, 39]
[0, 2, 10, 25, 27, 30, 32, 33, 35, 38, 39]
[0, 2, 10, 25, 27, 30, 32, 33, 36, 37, 39]
[0, 2, 10, 25, 27, 30, 32, 33, 36, 38, 39]
[0, 2, 10, 25, 27, 30, 32, 34, 35, 37, 39]
[0, 2, 10, 25, 27, 30, 32, 34, 35, 38, 39]
[0, 2, 10, 25, 27, 30, 32, 34, 36, 37, 39]
[0, 2, 10, 25, 27, 30, 32, 34, 36, 38, 39]
[0, 2, 10, 25, 28, 29, 31, 33, 35, 37, 39]
[0, 2, 10, 25, 28, 29, 31, 33, 35, 38, 39]
[0, 2, 10, 25, 28, 29, 31, 33, 36, 37, 39]
[0, 2, 10, 25, 28, 29, 31, 33, 36, 38, 39]
[0, 2, 10, 25, 28, 29, 31, 34, 35, 37, 39]
[0, 2, 10, 25, 28, 29, 31, 34, 35, 38, 39]
[0, 2, 10, 25, 28, 29, 31, 34, 36, 37, 39]
[0, 2, 10, 25, 28, 29, 31, 34, 36, 38, 39]
[0, 2, 10, 25, 28, 29, 32, 33, 35, 37, 39]
[0, 2, 10, 25, 28, 29, 32, 33, 35, 38, 39]
[0, 2, 10, 25, 28, 29, 32, 33, 36, 37, 39]
[0, 2, 10, 25, 28, 29, 32, 33, 36, 38, 39]
[0, 2, 10, 25, 28, 29, 32, 34, 35, 37, 39]
[0, 2, 10, 25, 28, 29, 32, 34, 35, 38, 39]
[0, 2, 10, 25, 28, 29, 32, 34, 36, 37, 39]
[0, 2, 10, 25, 28, 29, 32, 34, 36, 38, 39]
[0, 2, 10, 25, 28, 30, 31, 33, 35, 37, 39]
[0, 2, 10, 25, 28, 30, 31, 33, 35, 38, 39]
[0, 2, 10, 25, 28, 30, 31, 33, 36, 37, 39]
[0, 2, 10, 25, 28, 30, 31, 33, 36, 38, 39]
[0, 2, 10, 25, 28, 30, 31, 34, 35, 37, 39]
[0, 2, 10, 25, 28, 30, 31, 34, 35, 38, 39]
[0, 2, 10, 25, 28, 30, 31, 34, 36, 37, 39]
[0, 2, 10, 25, 28, 30, 31, 34, 36, 38, 39]
[0, 2, 10, 25, 28, 30, 32, 33, 35, 37, 39]
[0, 2, 10, 25, 28, 30, 32, 33, 35, 38, 39]
[0, 2, 10, 25, 28, 30, 32, 33, 36, 37, 39]
[0, 2, 10, 25, 28, 30, 32, 33, 36, 38, 39]
[0, 2, 10, 25, 28, 30, 32, 34, 35, 37, 39]
[0, 2, 10, 25, 28, 30, 32, 34, 35, 38, 39]
[0, 2, 10, 25, 28, 30, 32, 34, 36, 37, 39]
[0, 2, 10, 25, 28, 30, 32, 34, 36, 38, 39]
[0, 2, 10, 26, 33, 35, 37, 39]
[0, 2, 10, 26, 33, 35, 38, 39]
[0, 2, 10, 26, 33, 36, 37, 39]
[0, 2, 10, 26, 33, 36, 38, 39]
[0, 2, 10, 26, 34, 35, 37, 39]
[0, 2, 10, 26, 34, 35, 38, 39]
[0, 2, 10, 26, 34, 36, 37, 39]
[0, 2, 10, 26, 34, 36, 38, 39]
