Missed periods results -
[0, 1, 3, 5, 7, 9, 11, 13, 15, 17,  39] - ruptured ectopic this could be RE please evaluate with 
0, 2, 31, 34, 35, - PCOD this could be PCOD please get it evaluated. also enrole for a weight management program
[0, 1, 3, 5, 7, 9, 11, 13, 16, 39]
[0, 1, 3, 5, 7, 9, 11, 14, 17, 19, 21, 23, 25, 27, 29, 39]
[0, 1, 3, 5, 7, 9, 11, 14, 17, 19, 21, 23, 25, 27, 30, 39]
[0, 1, 3, 5, 7, 9, 11, 14, 17, 19, 21, 23, 25, 28, 29, 39]
[0, 1, 3, 5, 7, 9, 11, 14, 17, 19, 21, 23, 25, 28, 30, 39]
[0, 1, 3, 5, 7, 9, 11, 14, 17, 19, 21, 23, 26, 27, 29, 39]
[0, 1, 3, 5, 7, 9, 11, 14, 17, 19, 21, 23, 26, 27, 30, 39]
[0, 1, 3, 5, 7, 9, 11, 14, 17, 19, 21, 23, 26, 28, 29, 39]
[0, 1, 3, 5, 7, 9, 11, 14, 17, 19, 21, 23, 26, 28, 30, 39]
[0, 1, 3, 5, 7, 9, 11, 14, 17, 19, 21, 24, 25, 27, 29, 39]
[0, 1, 3, 5, 7, 9, 11, 14, 17, 19, 21, 24, 25, 27, 30, 39]
[0, 1, 3, 5, 7, 9, 11, 14, 17, 19, 21, 24, 25, 28, 29, 39]
[0, 1, 3, 5, 7, 9, 11, 14, 17, 19, 21, 24, 25, 28, 30, 39]
[0, 1, 3, 5, 7, 9, 11, 14, 17, 19, 21, 24, 26, 27, 29, 39]
[0, 1, 3, 5, 7, 9, 11, 14, 17, 19, 21, 24, 26, 27, 30, 39]
[0, 1, 3, 5, 7, 9, 11, 14, 17, 19, 21, 24, 26, 28, 29, 39]
[0, 1, 3, 5, 7, 9, 11, 14, 17, 19, 21, 24, 26, 28, 30, 39]
[0, 1, 3, 5, 7, 9, 11, 14, 17, 19, 22, 23, 25, 27, 29, 39]
[0, 1, 3, 5, 7, 9, 11, 14, 17, 19, 22, 23, 25, 27, 30, 39]
[0, 1, 3, 5, 7, 9, 11, 14, 17, 19, 22, 23, 25, 28, 29, 39]
[0, 1, 3, 5, 7, 9, 11, 14, 17, 19, 22, 23, 25, 28, 30, 39]
[0, 1, 3, 5, 7, 9, 11, 14, 17, 19, 22, 23, 26, 27, 29, 39]
[0, 1, 3, 5, 7, 9, 11, 14, 17, 19, 22, 23, 26, 27, 30, 39]
[0, 1, 3, 5, 7, 9, 11, 14, 17, 19, 22, 23, 26, 28, 29, 39]
[0, 1, 3, 5, 7, 9, 11, 14, 17, 19, 22, 23, 26, 28, 30, 39]
[0, 1, 3, 5, 7, 9, 11, 14, 17, 19, 22, 24, 25, 27, 29, 39]
[0, 1, 3, 5, 7, 9, 11, 14, 17, 19, 22, 24, 25, 27, 30, 39]
[0, 1, 3, 5, 7, 9, 11, 14, 17, 19, 22, 24, 25, 28, 29, 39]
[0, 1, 3, 5, 7, 9, 11, 14, 17, 19, 22, 24, 25, 28, 30, 39]
[0, 1, 3, 5, 7, 9, 11, 14, 17, 19, 22, 24, 26, 27, 29, 39]
[0, 1, 3, 5, 7, 9, 11, 14, 17, 19, 22, 24, 26, 27, 30, 39]
[0, 1, 3, 5, 7, 9, 11, 14, 17, 19, 22, 24, 26, 28, 29, 39]
[0, 1, 3, 5, 7, 9, 11, 14, 17, 19, 22, 24, 26, 28, 30, 39]
[0, 1, 3, 5, 7, 9, 11, 14, 17, 20, 21, 23, 25, 27, 29, 39]
[0, 1, 3, 5, 7, 9, 11, 14, 17, 20, 21, 23, 25, 27, 30, 39]
[0, 1, 3, 5, 7, 9, 11, 14, 17, 20, 21, 23, 25, 28, 29, 39]
[0, 1, 3, 5, 7, 9, 11, 14, 17, 20, 21, 23, 25, 28, 30, 39]
[0, 1, 3, 5, 7, 9, 11, 14, 17, 20, 21, 23, 26, 27, 29, 39]
[0, 1, 3, 5, 7, 9, 11, 14, 17, 20, 21, 23, 26, 27, 30, 39]
[0, 1, 3, 5, 7, 9, 11, 14, 17, 20, 21, 23, 26, 28, 29, 39]
[0, 1, 3, 5, 7, 9, 11, 14, 17, 20, 21, 23, 26, 28, 30, 39]
[0, 1, 3, 5, 7, 9, 11, 14, 17, 20, 21, 24, 25, 27, 29, 39]
[0, 1, 3, 5, 7, 9, 11, 14, 17, 20, 21, 24, 25, 27, 30, 39]
[0, 1, 3, 5, 7, 9, 11, 14, 17, 20, 21, 24, 25, 28, 29, 39]
[0, 1, 3, 5, 7, 9, 11, 14, 17, 20, 21, 24, 25, 28, 30, 39]
[0, 1, 3, 5, 7, 9, 11, 14, 17, 20, 21, 24, 26, 27, 29, 39]
[0, 1, 3, 5, 7, 9, 11, 14, 17, 20, 21, 24, 26, 27, 30, 39]
[0, 1, 3, 5, 7, 9, 11, 14, 17, 20, 21, 24, 26, 28, 29, 39]
[0, 1, 3, 5, 7, 9, 11, 14, 17, 20, 21, 24, 26, 28, 30, 39]
[0, 1, 3, 5, 7, 9, 11, 14, 17, 20, 22, 23, 25, 27, 29, 39]
[0, 1, 3, 5, 7, 9, 11, 14, 17, 20, 22, 23, 25, 27, 30, 39]
[0, 1, 3, 5, 7, 9, 11, 14, 17, 20, 22, 23, 25, 28, 29, 39]
[0, 1, 3, 5, 7, 9, 11, 14, 17, 20, 22, 23, 25, 28, 30, 39]
[0, 1, 3, 5, 7, 9, 11, 14, 17, 20, 22, 23, 26, 27, 29, 39]
[0, 1, 3, 5, 7, 9, 11, 14, 17, 20, 22, 23, 26, 27, 30, 39]
[0, 1, 3, 5, 7, 9, 11, 14, 17, 20, 22, 23, 26, 28, 29, 39]
[0, 1, 3, 5, 7, 9, 11, 14, 17, 20, 22, 23, 26, 28, 30, 39]
[0, 1, 3, 5, 7, 9, 11, 14, 17, 20, 22, 24, 25, 27, 29, 39]
[0, 1, 3, 5, 7, 9, 11, 14, 17, 20, 22, 24, 25, 27, 30, 39]
[0, 1, 3, 5, 7, 9, 11, 14, 17, 20, 22, 24, 25, 28, 29, 39]
[0, 1, 3, 5, 7, 9, 11, 14, 17, 20, 22, 24, 25, 28, 30, 39]
[0, 1, 3, 5, 7, 9, 11, 14, 17, 20, 22, 24, 26, 27, 29, 39]
[0, 1, 3, 5, 7, 9, 11, 14, 17, 20, 22, 24, 26, 27, 30, 39]
[0, 1, 3, 5, 7, 9, 11, 14, 17, 20, 22, 24, 26, 28, 29, 39]
[0, 1, 3, 5, 7, 9, 11, 14, 17, 20, 22, 24, 26, 28, 30, 39]
[0, 1, 3, 5, 7, 9, 11, 14, 18, 25, 27, 29, 39]
[0, 1, 3, 5, 7, 9, 11, 14, 18, 25, 27, 30, 39]
[0, 1, 3, 5, 7, 9, 11, 14, 18, 25, 28, 29, 39]
[0, 1, 3, 5, 7, 9, 11, 14, 18, 25, 28, 30, 39]
[0, 1, 3, 5, 7, 9, 11, 14, 18, 26, 27, 29, 39]
[0, 1, 3, 5, 7, 9, 11, 14, 18, 26, 27, 30, 39]
[0, 1, 3, 5, 7, 9, 11, 14, 18, 26, 28, 29, 39]
[0, 1, 3, 5, 7, 9, 11, 14, 18, 26, 28, 30, 39]
[0, 1, 3, 5, 7, 9, 12, 13, 15, 39]
[0, 1, 3, 5, 7, 9, 12, 13, 16, 39]
[0, 1, 3, 5, 7, 9, 12, 14, 17, 19, 21, 23, 25, 27, 29, 39]
[0, 1, 3, 5, 7, 9, 12, 14, 17, 19, 21, 23, 25, 27, 30, 39]
[0, 1, 3, 5, 7, 9, 12, 14, 17, 19, 21, 23, 25, 28, 29, 39]
[0, 1, 3, 5, 7, 9, 12, 14, 17, 19, 21, 23, 25, 28, 30, 39]
[0, 1, 3, 5, 7, 9, 12, 14, 17, 19, 21, 23, 26, 27, 29, 39]
[0, 1, 3, 5, 7, 9, 12, 14, 17, 19, 21, 23, 26, 27, 30, 39]
[0, 1, 3, 5, 7, 9, 12, 14, 17, 19, 21, 23, 26, 28, 29, 39]
[0, 1, 3, 5, 7, 9, 12, 14, 17, 19, 21, 23, 26, 28, 30, 39]
[0, 1, 3, 5, 7, 9, 12, 14, 17, 19, 21, 24, 25, 27, 29, 39]
[0, 1, 3, 5, 7, 9, 12, 14, 17, 19, 21, 24, 25, 27, 30, 39]
[0, 1, 3, 5, 7, 9, 12, 14, 17, 19, 21, 24, 25, 28, 29, 39]
[0, 1, 3, 5, 7, 9, 12, 14, 17, 19, 21, 24, 25, 28, 30, 39]
[0, 1, 3, 5, 7, 9, 12, 14, 17, 19, 21, 24, 26, 27, 29, 39]
[0, 1, 3, 5, 7, 9, 12, 14, 17, 19, 21, 24, 26, 27, 30, 39]
[0, 1, 3, 5, 7, 9, 12, 14, 17, 19, 21, 24, 26, 28, 29, 39]
[0, 1, 3, 5, 7, 9, 12, 14, 17, 19, 21, 24, 26, 28, 30, 39]
[0, 1, 3, 5, 7, 9, 12, 14, 17, 19, 22, 23, 25, 27, 29, 39]
[0, 1, 3, 5, 7, 9, 12, 14, 17, 19, 22, 23, 25, 27, 30, 39]
[0, 1, 3, 5, 7, 9, 12, 14, 17, 19, 22, 23, 25, 28, 29, 39]
[0, 1, 3, 5, 7, 9, 12, 14, 17, 19, 22, 23, 25, 28, 30, 39]
[0, 1, 3, 5, 7, 9, 12, 14, 17, 19, 22, 23, 26, 27, 29, 39]
[0, 1, 3, 5, 7, 9, 12, 14, 17, 19, 22, 23, 26, 27, 30, 39]
[0, 1, 3, 5, 7, 9, 12, 14, 17, 19, 22, 23, 26, 28, 29, 39]
[0, 1, 3, 5, 7, 9, 12, 14, 17, 19, 22, 23, 26, 28, 30, 39]
[0, 1, 3, 5, 7, 9, 12, 14, 17, 19, 22, 24, 25, 27, 29, 39]
[0, 1, 3, 5, 7, 9, 12, 14, 17, 19, 22, 24, 25, 27, 30, 39]
[0, 1, 3, 5, 7, 9, 12, 14, 17, 19, 22, 24, 25, 28, 29, 39]
[0, 1, 3, 5, 7, 9, 12, 14, 17, 19, 22, 24, 25, 28, 30, 39]
[0, 1, 3, 5, 7, 9, 12, 14, 17, 19, 22, 24, 26, 27, 29, 39]
[0, 1, 3, 5, 7, 9, 12, 14, 17, 19, 22, 24, 26, 27, 30, 39]
[0, 1, 3, 5, 7, 9, 12, 14, 17, 19, 22, 24, 26, 28, 29, 39]
[0, 1, 3, 5, 7, 9, 12, 14, 17, 19, 22, 24, 26, 28, 30, 39]
[0, 1, 3, 5, 7, 9, 12, 14, 17, 20, 21, 23, 25, 27, 29, 39]
[0, 1, 3, 5, 7, 9, 12, 14, 17, 20, 21, 23, 25, 27, 30, 39]
[0, 1, 3, 5, 7, 9, 12, 14, 17, 20, 21, 23, 25, 28, 29, 39]
[0, 1, 3, 5, 7, 9, 12, 14, 17, 20, 21, 23, 25, 28, 30, 39]
[0, 1, 3, 5, 7, 9, 12, 14, 17, 20, 21, 23, 26, 27, 29, 39]
[0, 1, 3, 5, 7, 9, 12, 14, 17, 20, 21, 23, 26, 27, 30, 39]
[0, 1, 3, 5, 7, 9, 12, 14, 17, 20, 21, 23, 26, 28, 29, 39]
[0, 1, 3, 5, 7, 9, 12, 14, 17, 20, 21, 23, 26, 28, 30, 39]
[0, 1, 3, 5, 7, 9, 12, 14, 17, 20, 21, 24, 25, 27, 29, 39]
[0, 1, 3, 5, 7, 9, 12, 14, 17, 20, 21, 24, 25, 27, 30, 39]
[0, 1, 3, 5, 7, 9, 12, 14, 17, 20, 21, 24, 25, 28, 29, 39]
[0, 1, 3, 5, 7, 9, 12, 14, 17, 20, 21, 24, 25, 28, 30, 39]
[0, 1, 3, 5, 7, 9, 12, 14, 17, 20, 21, 24, 26, 27, 29, 39]
[0, 1, 3, 5, 7, 9, 12, 14, 17, 20, 21, 24, 26, 27, 30, 39]
[0, 1, 3, 5, 7, 9, 12, 14, 17, 20, 21, 24, 26, 28, 29, 39]
[0, 1, 3, 5, 7, 9, 12, 14, 17, 20, 21, 24, 26, 28, 30, 39]
[0, 1, 3, 5, 7, 9, 12, 14, 17, 20, 22, 23, 25, 27, 29, 39]
[0, 1, 3, 5, 7, 9, 12, 14, 17, 20, 22, 23, 25, 27, 30, 39]
[0, 1, 3, 5, 7, 9, 12, 14, 17, 20, 22, 23, 25, 28, 29, 39]
[0, 1, 3, 5, 7, 9, 12, 14, 17, 20, 22, 23, 25, 28, 30, 39]
[0, 1, 3, 5, 7, 9, 12, 14, 17, 20, 22, 23, 26, 27, 29, 39]
[0, 1, 3, 5, 7, 9, 12, 14, 17, 20, 22, 23, 26, 27, 30, 39]
[0, 1, 3, 5, 7, 9, 12, 14, 17, 20, 22, 23, 26, 28, 29, 39]
[0, 1, 3, 5, 7, 9, 12, 14, 17, 20, 22, 23, 26, 28, 30, 39]
[0, 1, 3, 5, 7, 9, 12, 14, 17, 20, 22, 24, 25, 27, 29, 39]
[0, 1, 3, 5, 7, 9, 12, 14, 17, 20, 22, 24, 25, 27, 30, 39]
[0, 1, 3, 5, 7, 9, 12, 14, 17, 20, 22, 24, 25, 28, 29, 39]
[0, 1, 3, 5, 7, 9, 12, 14, 17, 20, 22, 24, 25, 28, 30, 39]
[0, 1, 3, 5, 7, 9, 12, 14, 17, 20, 22, 24, 26, 27, 29, 39]
[0, 1, 3, 5, 7, 9, 12, 14, 17, 20, 22, 24, 26, 27, 30, 39]
[0, 1, 3, 5, 7, 9, 12, 14, 17, 20, 22, 24, 26, 28, 29, 39]
[0, 1, 3, 5, 7, 9, 12, 14, 17, 20, 22, 24, 26, 28, 30, 39]
[0, 1, 3, 5, 7, 9, 12, 14, 18, 25, 27, 29, 39]
[0, 1, 3, 5, 7, 9, 12, 14, 18, 25, 27, 30, 39]
[0, 1, 3, 5, 7, 9, 12, 14, 18, 25, 28, 29, 39]
[0, 1, 3, 5, 7, 9, 12, 14, 18, 25, 28, 30, 39]
[0, 1, 3, 5, 7, 9, 12, 14, 18, 26, 27, 29, 39]
[0, 1, 3, 5, 7, 9, 12, 14, 18, 26, 27, 30, 39]
[0, 1, 3, 5, 7, 9, 12, 14, 18, 26, 28, 29, 39]
[0, 1, 3, 5, 7, 9, 12, 14, 18, 26, 28, 30, 39]
[0, 1, 3, 5, 7, 10, 11, 13, 15, 39]
[0, 1, 3, 5, 7, 10, 11, 13, 16, 39]
[0, 1, 3, 5, 7, 10, 11, 14, 17, 19, 21, 23, 25, 27, 29, 39]
[0, 1, 3, 5, 7, 10, 11, 14, 17, 19, 21, 23, 25, 27, 30, 39]
[0, 1, 3, 5, 7, 10, 11, 14, 17, 19, 21, 23, 25, 28, 29, 39]
[0, 1, 3, 5, 7, 10, 11, 14, 17, 19, 21, 23, 25, 28, 30, 39]
[0, 1, 3, 5, 7, 10, 11, 14, 17, 19, 21, 23, 26, 27, 29, 39]
[0, 1, 3, 5, 7, 10, 11, 14, 17, 19, 21, 23, 26, 27, 30, 39]
[0, 1, 3, 5, 7, 10, 11, 14, 17, 19, 21, 23, 26, 28, 29, 39]
[0, 1, 3, 5, 7, 10, 11, 14, 17, 19, 21, 23, 26, 28, 30, 39]
[0, 1, 3, 5, 7, 10, 11, 14, 17, 19, 21, 24, 25, 27, 29, 39]
[0, 1, 3, 5, 7, 10, 11, 14, 17, 19, 21, 24, 25, 27, 30, 39]
[0, 1, 3, 5, 7, 10, 11, 14, 17, 19, 21, 24, 25, 28, 29, 39]
[0, 1, 3, 5, 7, 10, 11, 14, 17, 19, 21, 24, 25, 28, 30, 39]
[0, 1, 3, 5, 7, 10, 11, 14, 17, 19, 21, 24, 26, 27, 29, 39]
[0, 1, 3, 5, 7, 10, 11, 14, 17, 19, 21, 24, 26, 27, 30, 39]
[0, 1, 3, 5, 7, 10, 11, 14, 17, 19, 21, 24, 26, 28, 29, 39]
[0, 1, 3, 5, 7, 10, 11, 14, 17, 19, 21, 24, 26, 28, 30, 39]
[0, 1, 3, 5, 7, 10, 11, 14, 17, 19, 22, 23, 25, 27, 29, 39]
[0, 1, 3, 5, 7, 10, 11, 14, 17, 19, 22, 23, 25, 27, 30, 39]
[0, 1, 3, 5, 7, 10, 11, 14, 17, 19, 22, 23, 25, 28, 29, 39]
[0, 1, 3, 5, 7, 10, 11, 14, 17, 19, 22, 23, 25, 28, 30, 39]
[0, 1, 3, 5, 7, 10, 11, 14, 17, 19, 22, 23, 26, 27, 29, 39]
[0, 1, 3, 5, 7, 10, 11, 14, 17, 19, 22, 23, 26, 27, 30, 39]
[0, 1, 3, 5, 7, 10, 11, 14, 17, 19, 22, 23, 26, 28, 29, 39]
[0, 1, 3, 5, 7, 10, 11, 14, 17, 19, 22, 23, 26, 28, 30, 39]
[0, 1, 3, 5, 7, 10, 11, 14, 17, 19, 22, 24, 25, 27, 29, 39]
[0, 1, 3, 5, 7, 10, 11, 14, 17, 19, 22, 24, 25, 27, 30, 39]
[0, 1, 3, 5, 7, 10, 11, 14, 17, 19, 22, 24, 25, 28, 29, 39]
[0, 1, 3, 5, 7, 10, 11, 14, 17, 19, 22, 24, 25, 28, 30, 39]
[0, 1, 3, 5, 7, 10, 11, 14, 17, 19, 22, 24, 26, 27, 29, 39]
[0, 1, 3, 5, 7, 10, 11, 14, 17, 19, 22, 24, 26, 27, 30, 39]
[0, 1, 3, 5, 7, 10, 11, 14, 17, 19, 22, 24, 26, 28, 29, 39]
[0, 1, 3, 5, 7, 10, 11, 14, 17, 19, 22, 24, 26, 28, 30, 39]
[0, 1, 3, 5, 7, 10, 11, 14, 17, 20, 21, 23, 25, 27, 29, 39]
[0, 1, 3, 5, 7, 10, 11, 14, 17, 20, 21, 23, 25, 27, 30, 39]
[0, 1, 3, 5, 7, 10, 11, 14, 17, 20, 21, 23, 25, 28, 29, 39]
[0, 1, 3, 5, 7, 10, 11, 14, 17, 20, 21, 23, 25, 28, 30, 39]
[0, 1, 3, 5, 7, 10, 11, 14, 17, 20, 21, 23, 26, 27, 29, 39]
[0, 1, 3, 5, 7, 10, 11, 14, 17, 20, 21, 23, 26, 27, 30, 39]
[0, 1, 3, 5, 7, 10, 11, 14, 17, 20, 21, 23, 26, 28, 29, 39]
[0, 1, 3, 5, 7, 10, 11, 14, 17, 20, 21, 23, 26, 28, 30, 39]
[0, 1, 3, 5, 7, 10, 11, 14, 17, 20, 21, 24, 25, 27, 29, 39]
[0, 1, 3, 5, 7, 10, 11, 14, 17, 20, 21, 24, 25, 27, 30, 39]
[0, 1, 3, 5, 7, 10, 11, 14, 17, 20, 21, 24, 25, 28, 29, 39]
[0, 1, 3, 5, 7, 10, 11, 14, 17, 20, 21, 24, 25, 28, 30, 39]
[0, 1, 3, 5, 7, 10, 11, 14, 17, 20, 21, 24, 26, 27, 29, 39]
[0, 1, 3, 5, 7, 10, 11, 14, 17, 20, 21, 24, 26, 27, 30, 39]
[0, 1, 3, 5, 7, 10, 11, 14, 17, 20, 21, 24, 26, 28, 29, 39]
[0, 1, 3, 5, 7, 10, 11, 14, 17, 20, 21, 24, 26, 28, 30, 39]
[0, 1, 3, 5, 7, 10, 11, 14, 17, 20, 22, 23, 25, 27, 29, 39]
[0, 1, 3, 5, 7, 10, 11, 14, 17, 20, 22, 23, 25, 27, 30, 39]
[0, 1, 3, 5, 7, 10, 11, 14, 17, 20, 22, 23, 25, 28, 29, 39]
[0, 1, 3, 5, 7, 10, 11, 14, 17, 20, 22, 23, 25, 28, 30, 39]
[0, 1, 3, 5, 7, 10, 11, 14, 17, 20, 22, 23, 26, 27, 29, 39]
[0, 1, 3, 5, 7, 10, 11, 14, 17, 20, 22, 23, 26, 27, 30, 39]
[0, 1, 3, 5, 7, 10, 11, 14, 17, 20, 22, 23, 26, 28, 29, 39]
[0, 1, 3, 5, 7, 10, 11, 14, 17, 20, 22, 23, 26, 28, 30, 39]
[0, 1, 3, 5, 7, 10, 11, 14, 17, 20, 22, 24, 25, 27, 29, 39]
[0, 1, 3, 5, 7, 10, 11, 14, 17, 20, 22, 24, 25, 27, 30, 39]
[0, 1, 3, 5, 7, 10, 11, 14, 17, 20, 22, 24, 25, 28, 29, 39]
[0, 1, 3, 5, 7, 10, 11, 14, 17, 20, 22, 24, 25, 28, 30, 39]
[0, 1, 3, 5, 7, 10, 11, 14, 17, 20, 22, 24, 26, 27, 29, 39]
[0, 1, 3, 5, 7, 10, 11, 14, 17, 20, 22, 24, 26, 27, 30, 39]
[0, 1, 3, 5, 7, 10, 11, 14, 17, 20, 22, 24, 26, 28, 29, 39]
[0, 1, 3, 5, 7, 10, 11, 14, 17, 20, 22, 24, 26, 28, 30, 39]
[0, 1, 3, 5, 7, 10, 11, 14, 18, 25, 27, 29, 39]
[0, 1, 3, 5, 7, 10, 11, 14, 18, 25, 27, 30, 39]
[0, 1, 3, 5, 7, 10, 11, 14, 18, 25, 28, 29, 39]
[0, 1, 3, 5, 7, 10, 11, 14, 18, 25, 28, 30, 39]
[0, 1, 3, 5, 7, 10, 11, 14, 18, 26, 27, 29, 39]
[0, 1, 3, 5, 7, 10, 11, 14, 18, 26, 27, 30, 39]
[0, 1, 3, 5, 7, 10, 11, 14, 18, 26, 28, 29, 39]
[0, 1, 3, 5, 7, 10, 11, 14, 18, 26, 28, 30, 39]
[0, 1, 3, 5, 7, 10, 12, 13, 15, 39]
[0, 1, 3, 5, 7, 10, 12, 13, 16, 39]
[0, 1, 3, 5, 7, 10, 12, 14, 17, 19, 21, 23, 25, 27, 29, 39]
[0, 1, 3, 5, 7, 10, 12, 14, 17, 19, 21, 23, 25, 27, 30, 39]
[0, 1, 3, 5, 7, 10, 12, 14, 17, 19, 21, 23, 25, 28, 29, 39]
[0, 1, 3, 5, 7, 10, 12, 14, 17, 19, 21, 23, 25, 28, 30, 39]
[0, 1, 3, 5, 7, 10, 12, 14, 17, 19, 21, 23, 26, 27, 29, 39]
[0, 1, 3, 5, 7, 10, 12, 14, 17, 19, 21, 23, 26, 27, 30, 39]
[0, 1, 3, 5, 7, 10, 12, 14, 17, 19, 21, 23, 26, 28, 29, 39]
[0, 1, 3, 5, 7, 10, 12, 14, 17, 19, 21, 23, 26, 28, 30, 39]
[0, 1, 3, 5, 7, 10, 12, 14, 17, 19, 21, 24, 25, 27, 29, 39]
[0, 1, 3, 5, 7, 10, 12, 14, 17, 19, 21, 24, 25, 27, 30, 39]
[0, 1, 3, 5, 7, 10, 12, 14, 17, 19, 21, 24, 25, 28, 29, 39]
[0, 1, 3, 5, 7, 10, 12, 14, 17, 19, 21, 24, 25, 28, 30, 39]
[0, 1, 3, 5, 7, 10, 12, 14, 17, 19, 21, 24, 26, 27, 29, 39]
[0, 1, 3, 5, 7, 10, 12, 14, 17, 19, 21, 24, 26, 27, 30, 39]
[0, 1, 3, 5, 7, 10, 12, 14, 17, 19, 21, 24, 26, 28, 29, 39]
[0, 1, 3, 5, 7, 10, 12, 14, 17, 19, 21, 24, 26, 28, 30, 39]
[0, 1, 3, 5, 7, 10, 12, 14, 17, 19, 22, 23, 25, 27, 29, 39]
[0, 1, 3, 5, 7, 10, 12, 14, 17, 19, 22, 23, 25, 27, 30, 39]
[0, 1, 3, 5, 7, 10, 12, 14, 17, 19, 22, 23, 25, 28, 29, 39]
[0, 1, 3, 5, 7, 10, 12, 14, 17, 19, 22, 23, 25, 28, 30, 39]
[0, 1, 3, 5, 7, 10, 12, 14, 17, 19, 22, 23, 26, 27, 29, 39]
[0, 1, 3, 5, 7, 10, 12, 14, 17, 19, 22, 23, 26, 27, 30, 39]
[0, 1, 3, 5, 7, 10, 12, 14, 17, 19, 22, 23, 26, 28, 29, 39]
[0, 1, 3, 5, 7, 10, 12, 14, 17, 19, 22, 23, 26, 28, 30, 39]
[0, 1, 3, 5, 7, 10, 12, 14, 17, 19, 22, 24, 25, 27, 29, 39]
[0, 1, 3, 5, 7, 10, 12, 14, 17, 19, 22, 24, 25, 27, 30, 39]
[0, 1, 3, 5, 7, 10, 12, 14, 17, 19, 22, 24, 25, 28, 29, 39]
[0, 1, 3, 5, 7, 10, 12, 14, 17, 19, 22, 24, 25, 28, 30, 39]
[0, 1, 3, 5, 7, 10, 12, 14, 17, 19, 22, 24, 26, 27, 29, 39]
[0, 1, 3, 5, 7, 10, 12, 14, 17, 19, 22, 24, 26, 27, 30, 39]
[0, 1, 3, 5, 7, 10, 12, 14, 17, 19, 22, 24, 26, 28, 29, 39]
[0, 1, 3, 5, 7, 10, 12, 14, 17, 19, 22, 24, 26, 28, 30, 39]
[0, 1, 3, 5, 7, 10, 12, 14, 17, 20, 21, 23, 25, 27, 29, 39]
[0, 1, 3, 5, 7, 10, 12, 14, 17, 20, 21, 23, 25, 27, 30, 39]
[0, 1, 3, 5, 7, 10, 12, 14, 17, 20, 21, 23, 25, 28, 29, 39]
[0, 1, 3, 5, 7, 10, 12, 14, 17, 20, 21, 23, 25, 28, 30, 39]
[0, 1, 3, 5, 7, 10, 12, 14, 17, 20, 21, 23, 26, 27, 29, 39]
[0, 1, 3, 5, 7, 10, 12, 14, 17, 20, 21, 23, 26, 27, 30, 39]
[0, 1, 3, 5, 7, 10, 12, 14, 17, 20, 21, 23, 26, 28, 29, 39]
[0, 1, 3, 5, 7, 10, 12, 14, 17, 20, 21, 23, 26, 28, 30, 39]
[0, 1, 3, 5, 7, 10, 12, 14, 17, 20, 21, 24, 25, 27, 29, 39]
[0, 1, 3, 5, 7, 10, 12, 14, 17, 20, 21, 24, 25, 27, 30, 39]
[0, 1, 3, 5, 7, 10, 12, 14, 17, 20, 21, 24, 25, 28, 29, 39]
[0, 1, 3, 5, 7, 10, 12, 14, 17, 20, 21, 24, 25, 28, 30, 39]
[0, 1, 3, 5, 7, 10, 12, 14, 17, 20, 21, 24, 26, 27, 29, 39]
[0, 1, 3, 5, 7, 10, 12, 14, 17, 20, 21, 24, 26, 27, 30, 39]
[0, 1, 3, 5, 7, 10, 12, 14, 17, 20, 21, 24, 26, 28, 29, 39]
[0, 1, 3, 5, 7, 10, 12, 14, 17, 20, 21, 24, 26, 28, 30, 39]
[0, 1, 3, 5, 7, 10, 12, 14, 17, 20, 22, 23, 25, 27, 29, 39]
[0, 1, 3, 5, 7, 10, 12, 14, 17, 20, 22, 23, 25, 27, 30, 39]
[0, 1, 3, 5, 7, 10, 12, 14, 17, 20, 22, 23, 25, 28, 29, 39]
[0, 1, 3, 5, 7, 10, 12, 14, 17, 20, 22, 23, 25, 28, 30, 39]
[0, 1, 3, 5, 7, 10, 12, 14, 17, 20, 22, 23, 26, 27, 29, 39]
[0, 1, 3, 5, 7, 10, 12, 14, 17, 20, 22, 23, 26, 27, 30, 39]
[0, 1, 3, 5, 7, 10, 12, 14, 17, 20, 22, 23, 26, 28, 29, 39]
[0, 1, 3, 5, 7, 10, 12, 14, 17, 20, 22, 23, 26, 28, 30, 39]
[0, 1, 3, 5, 7, 10, 12, 14, 17, 20, 22, 24, 25, 27, 29, 39]
[0, 1, 3, 5, 7, 10, 12, 14, 17, 20, 22, 24, 25, 27, 30, 39]
[0, 1, 3, 5, 7, 10, 12, 14, 17, 20, 22, 24, 25, 28, 29, 39]
[0, 1, 3, 5, 7, 10, 12, 14, 17, 20, 22, 24, 25, 28, 30, 39]
[0, 1, 3, 5, 7, 10, 12, 14, 17, 20, 22, 24, 26, 27, 29, 39]
[0, 1, 3, 5, 7, 10, 12, 14, 17, 20, 22, 24, 26, 27, 30, 39]
[0, 1, 3, 5, 7, 10, 12, 14, 17, 20, 22, 24, 26, 28, 29, 39]
[0, 1, 3, 5, 7, 10, 12, 14, 17, 20, 22, 24, 26, 28, 30, 39]
[0, 1, 3, 5, 7, 10, 12, 14, 18, 25, 27, 29, 39]
[0, 1, 3, 5, 7, 10, 12, 14, 18, 25, 27, 30, 39]
[0, 1, 3, 5, 7, 10, 12, 14, 18, 25, 28, 29, 39]
[0, 1, 3, 5, 7, 10, 12, 14, 18, 25, 28, 30, 39]
[0, 1, 3, 5, 7, 10, 12, 14, 18, 26, 27, 29, 39]
[0, 1, 3, 5, 7, 10, 12, 14, 18, 26, 27, 30, 39]
[0, 1, 3, 5, 7, 10, 12, 14, 18, 26, 28, 29, 39]
[0, 1, 3, 5, 7, 10, 12, 14, 18, 26, 28, 30, 39]
[0, 1, 3, 5, 8, 9, 11, 13, 15, 39]
[0, 1, 3, 5, 8, 9, 11, 13, 16, 39]
[0, 1, 3, 5, 8, 9, 11, 14, 17, 19, 21, 23, 25, 27, 29, 39]
[0, 1, 3, 5, 8, 9, 11, 14, 17, 19, 21, 23, 25, 27, 30, 39]
[0, 1, 3, 5, 8, 9, 11, 14, 17, 19, 21, 23, 25, 28, 29, 39]
[0, 1, 3, 5, 8, 9, 11, 14, 17, 19, 21, 23, 25, 28, 30, 39]
[0, 1, 3, 5, 8, 9, 11, 14, 17, 19, 21, 23, 26, 27, 29, 39]
[0, 1, 3, 5, 8, 9, 11, 14, 17, 19, 21, 23, 26, 27, 30, 39]
[0, 1, 3, 5, 8, 9, 11, 14, 17, 19, 21, 23, 26, 28, 29, 39]
[0, 1, 3, 5, 8, 9, 11, 14, 17, 19, 21, 23, 26, 28, 30, 39]
[0, 1, 3, 5, 8, 9, 11, 14, 17, 19, 21, 24, 25, 27, 29, 39]
[0, 1, 3, 5, 8, 9, 11, 14, 17, 19, 21, 24, 25, 27, 30, 39]
[0, 1, 3, 5, 8, 9, 11, 14, 17, 19, 21, 24, 25, 28, 29, 39]
[0, 1, 3, 5, 8, 9, 11, 14, 17, 19, 21, 24, 25, 28, 30, 39]
[0, 1, 3, 5, 8, 9, 11, 14, 17, 19, 21, 24, 26, 27, 29, 39]
[0, 1, 3, 5, 8, 9, 11, 14, 17, 19, 21, 24, 26, 27, 30, 39]
[0, 1, 3, 5, 8, 9, 11, 14, 17, 19, 21, 24, 26, 28, 29, 39]
[0, 1, 3, 5, 8, 9, 11, 14, 17, 19, 21, 24, 26, 28, 30, 39]
[0, 1, 3, 5, 8, 9, 11, 14, 17, 19, 22, 23, 25, 27, 29, 39]
[0, 1, 3, 5, 8, 9, 11, 14, 17, 19, 22, 23, 25, 27, 30, 39]
[0, 1, 3, 5, 8, 9, 11, 14, 17, 19, 22, 23, 25, 28, 29, 39]
[0, 1, 3, 5, 8, 9, 11, 14, 17, 19, 22, 23, 25, 28, 30, 39]
[0, 1, 3, 5, 8, 9, 11, 14, 17, 19, 22, 23, 26, 27, 29, 39]
[0, 1, 3, 5, 8, 9, 11, 14, 17, 19, 22, 23, 26, 27, 30, 39]
[0, 1, 3, 5, 8, 9, 11, 14, 17, 19, 22, 23, 26, 28, 29, 39]
[0, 1, 3, 5, 8, 9, 11, 14, 17, 19, 22, 23, 26, 28, 30, 39]
[0, 1, 3, 5, 8, 9, 11, 14, 17, 19, 22, 24, 25, 27, 29, 39]
[0, 1, 3, 5, 8, 9, 11, 14, 17, 19, 22, 24, 25, 27, 30, 39]
[0, 1, 3, 5, 8, 9, 11, 14, 17, 19, 22, 24, 25, 28, 29, 39]
[0, 1, 3, 5, 8, 9, 11, 14, 17, 19, 22, 24, 25, 28, 30, 39]
[0, 1, 3, 5, 8, 9, 11, 14, 17, 19, 22, 24, 26, 27, 29, 39]
[0, 1, 3, 5, 8, 9, 11, 14, 17, 19, 22, 24, 26, 27, 30, 39]
[0, 1, 3, 5, 8, 9, 11, 14, 17, 19, 22, 24, 26, 28, 29, 39]
[0, 1, 3, 5, 8, 9, 11, 14, 17, 19, 22, 24, 26, 28, 30, 39]
[0, 1, 3, 5, 8, 9, 11, 14, 17, 20, 21, 23, 25, 27, 29, 39]
[0, 1, 3, 5, 8, 9, 11, 14, 17, 20, 21, 23, 25, 27, 30, 39]
[0, 1, 3, 5, 8, 9, 11, 14, 17, 20, 21, 23, 25, 28, 29, 39]
[0, 1, 3, 5, 8, 9, 11, 14, 17, 20, 21, 23, 25, 28, 30, 39]
[0, 1, 3, 5, 8, 9, 11, 14, 17, 20, 21, 23, 26, 27, 29, 39]
[0, 1, 3, 5, 8, 9, 11, 14, 17, 20, 21, 23, 26, 27, 30, 39]
[0, 1, 3, 5, 8, 9, 11, 14, 17, 20, 21, 23, 26, 28, 29, 39]
[0, 1, 3, 5, 8, 9, 11, 14, 17, 20, 21, 23, 26, 28, 30, 39]
[0, 1, 3, 5, 8, 9, 11, 14, 17, 20, 21, 24, 25, 27, 29, 39]
[0, 1, 3, 5, 8, 9, 11, 14, 17, 20, 21, 24, 25, 27, 30, 39]
[0, 1, 3, 5, 8, 9, 11, 14, 17, 20, 21, 24, 25, 28, 29, 39]
[0, 1, 3, 5, 8, 9, 11, 14, 17, 20, 21, 24, 25, 28, 30, 39]
[0, 1, 3, 5, 8, 9, 11, 14, 17, 20, 21, 24, 26, 27, 29, 39]
[0, 1, 3, 5, 8, 9, 11, 14, 17, 20, 21, 24, 26, 27, 30, 39]
[0, 1, 3, 5, 8, 9, 11, 14, 17, 20, 21, 24, 26, 28, 29, 39]
[0, 1, 3, 5, 8, 9, 11, 14, 17, 20, 21, 24, 26, 28, 30, 39]
[0, 1, 3, 5, 8, 9, 11, 14, 17, 20, 22, 23, 25, 27, 29, 39]
[0, 1, 3, 5, 8, 9, 11, 14, 17, 20, 22, 23, 25, 27, 30, 39]
[0, 1, 3, 5, 8, 9, 11, 14, 17, 20, 22, 23, 25, 28, 29, 39]
[0, 1, 3, 5, 8, 9, 11, 14, 17, 20, 22, 23, 25, 28, 30, 39]
[0, 1, 3, 5, 8, 9, 11, 14, 17, 20, 22, 23, 26, 27, 29, 39]
[0, 1, 3, 5, 8, 9, 11, 14, 17, 20, 22, 23, 26, 27, 30, 39]
[0, 1, 3, 5, 8, 9, 11, 14, 17, 20, 22, 23, 26, 28, 29, 39]
[0, 1, 3, 5, 8, 9, 11, 14, 17, 20, 22, 23, 26, 28, 30, 39]
[0, 1, 3, 5, 8, 9, 11, 14, 17, 20, 22, 24, 25, 27, 29, 39]
[0, 1, 3, 5, 8, 9, 11, 14, 17, 20, 22, 24, 25, 27, 30, 39]
[0, 1, 3, 5, 8, 9, 11, 14, 17, 20, 22, 24, 25, 28, 29, 39]
[0, 1, 3, 5, 8, 9, 11, 14, 17, 20, 22, 24, 25, 28, 30, 39]
[0, 1, 3, 5, 8, 9, 11, 14, 17, 20, 22, 24, 26, 27, 29, 39]
[0, 1, 3, 5, 8, 9, 11, 14, 17, 20, 22, 24, 26, 27, 30, 39]
[0, 1, 3, 5, 8, 9, 11, 14, 17, 20, 22, 24, 26, 28, 29, 39]
[0, 1, 3, 5, 8, 9, 11, 14, 17, 20, 22, 24, 26, 28, 30, 39]
[0, 1, 3, 5, 8, 9, 11, 14, 18, 25, 27, 29, 39]
[0, 1, 3, 5, 8, 9, 11, 14, 18, 25, 27, 30, 39]
[0, 1, 3, 5, 8, 9, 11, 14, 18, 25, 28, 29, 39]
[0, 1, 3, 5, 8, 9, 11, 14, 18, 25, 28, 30, 39]
[0, 1, 3, 5, 8, 9, 11, 14, 18, 26, 27, 29, 39]
[0, 1, 3, 5, 8, 9, 11, 14, 18, 26, 27, 30, 39]
[0, 1, 3, 5, 8, 9, 11, 14, 18, 26, 28, 29, 39]
[0, 1, 3, 5, 8, 9, 11, 14, 18, 26, 28, 30, 39]
[0, 1, 3, 5, 8, 9, 12, 13, 15, 39]
[0, 1, 3, 5, 8, 9, 12, 13, 16, 39]
[0, 1, 3, 5, 8, 9, 12, 14, 17, 19, 21, 23, 25, 27, 29, 39]
[0, 1, 3, 5, 8, 9, 12, 14, 17, 19, 21, 23, 25, 27, 30, 39]
[0, 1, 3, 5, 8, 9, 12, 14, 17, 19, 21, 23, 25, 28, 29, 39]
[0, 1, 3, 5, 8, 9, 12, 14, 17, 19, 21, 23, 25, 28, 30, 39]
[0, 1, 3, 5, 8, 9, 12, 14, 17, 19, 21, 23, 26, 27, 29, 39]
[0, 1, 3, 5, 8, 9, 12, 14, 17, 19, 21, 23, 26, 27, 30, 39]
[0, 1, 3, 5, 8, 9, 12, 14, 17, 19, 21, 23, 26, 28, 29, 39]
[0, 1, 3, 5, 8, 9, 12, 14, 17, 19, 21, 23, 26, 28, 30, 39]
[0, 1, 3, 5, 8, 9, 12, 14, 17, 19, 21, 24, 25, 27, 29, 39]
[0, 1, 3, 5, 8, 9, 12, 14, 17, 19, 21, 24, 25, 27, 30, 39]
[0, 1, 3, 5, 8, 9, 12, 14, 17, 19, 21, 24, 25, 28, 29, 39]
[0, 1, 3, 5, 8, 9, 12, 14, 17, 19, 21, 24, 25, 28, 30, 39]
[0, 1, 3, 5, 8, 9, 12, 14, 17, 19, 21, 24, 26, 27, 29, 39]
[0, 1, 3, 5, 8, 9, 12, 14, 17, 19, 21, 24, 26, 27, 30, 39]
[0, 1, 3, 5, 8, 9, 12, 14, 17, 19, 21, 24, 26, 28, 29, 39]
[0, 1, 3, 5, 8, 9, 12, 14, 17, 19, 21, 24, 26, 28, 30, 39]
[0, 1, 3, 5, 8, 9, 12, 14, 17, 19, 22, 23, 25, 27, 29, 39]
[0, 1, 3, 5, 8, 9, 12, 14, 17, 19, 22, 23, 25, 27, 30, 39]
[0, 1, 3, 5, 8, 9, 12, 14, 17, 19, 22, 23, 25, 28, 29, 39]
[0, 1, 3, 5, 8, 9, 12, 14, 17, 19, 22, 23, 25, 28, 30, 39]
[0, 1, 3, 5, 8, 9, 12, 14, 17, 19, 22, 23, 26, 27, 29, 39]
[0, 1, 3, 5, 8, 9, 12, 14, 17, 19, 22, 23, 26, 27, 30, 39]
[0, 1, 3, 5, 8, 9, 12, 14, 17, 19, 22, 23, 26, 28, 29, 39]
[0, 1, 3, 5, 8, 9, 12, 14, 17, 19, 22, 23, 26, 28, 30, 39]
[0, 1, 3, 5, 8, 9, 12, 14, 17, 19, 22, 24, 25, 27, 29, 39]
[0, 1, 3, 5, 8, 9, 12, 14, 17, 19, 22, 24, 25, 27, 30, 39]
[0, 1, 3, 5, 8, 9, 12, 14, 17, 19, 22, 24, 25, 28, 29, 39]
[0, 1, 3, 5, 8, 9, 12, 14, 17, 19, 22, 24, 25, 28, 30, 39]
[0, 1, 3, 5, 8, 9, 12, 14, 17, 19, 22, 24, 26, 27, 29, 39]
[0, 1, 3, 5, 8, 9, 12, 14, 17, 19, 22, 24, 26, 27, 30, 39]
[0, 1, 3, 5, 8, 9, 12, 14, 17, 19, 22, 24, 26, 28, 29, 39]
[0, 1, 3, 5, 8, 9, 12, 14, 17, 19, 22, 24, 26, 28, 30, 39]
[0, 1, 3, 5, 8, 9, 12, 14, 17, 20, 21, 23, 25, 27, 29, 39]
[0, 1, 3, 5, 8, 9, 12, 14, 17, 20, 21, 23, 25, 27, 30, 39]
[0, 1, 3, 5, 8, 9, 12, 14, 17, 20, 21, 23, 25, 28, 29, 39]
[0, 1, 3, 5, 8, 9, 12, 14, 17, 20, 21, 23, 25, 28, 30, 39]
[0, 1, 3, 5, 8, 9, 12, 14, 17, 20, 21, 23, 26, 27, 29, 39]
[0, 1, 3, 5, 8, 9, 12, 14, 17, 20, 21, 23, 26, 27, 30, 39]
[0, 1, 3, 5, 8, 9, 12, 14, 17, 20, 21, 23, 26, 28, 29, 39]
[0, 1, 3, 5, 8, 9, 12, 14, 17, 20, 21, 23, 26, 28, 30, 39]
[0, 1, 3, 5, 8, 9, 12, 14, 17, 20, 21, 24, 25, 27, 29, 39]
[0, 1, 3, 5, 8, 9, 12, 14, 17, 20, 21, 24, 25, 27, 30, 39]
[0, 1, 3, 5, 8, 9, 12, 14, 17, 20, 21, 24, 25, 28, 29, 39]
[0, 1, 3, 5, 8, 9, 12, 14, 17, 20, 21, 24, 25, 28, 30, 39]
[0, 1, 3, 5, 8, 9, 12, 14, 17, 20, 21, 24, 26, 27, 29, 39]
[0, 1, 3, 5, 8, 9, 12, 14, 17, 20, 21, 24, 26, 27, 30, 39]
[0, 1, 3, 5, 8, 9, 12, 14, 17, 20, 21, 24, 26, 28, 29, 39]
[0, 1, 3, 5, 8, 9, 12, 14, 17, 20, 21, 24, 26, 28, 30, 39]
[0, 1, 3, 5, 8, 9, 12, 14, 17, 20, 22, 23, 25, 27, 29, 39]
[0, 1, 3, 5, 8, 9, 12, 14, 17, 20, 22, 23, 25, 27, 30, 39]
[0, 1, 3, 5, 8, 9, 12, 14, 17, 20, 22, 23, 25, 28, 29, 39]
[0, 1, 3, 5, 8, 9, 12, 14, 17, 20, 22, 23, 25, 28, 30, 39]
[0, 1, 3, 5, 8, 9, 12, 14, 17, 20, 22, 23, 26, 27, 29, 39]
[0, 1, 3, 5, 8, 9, 12, 14, 17, 20, 22, 23, 26, 27, 30, 39]
[0, 1, 3, 5, 8, 9, 12, 14, 17, 20, 22, 23, 26, 28, 29, 39]
[0, 1, 3, 5, 8, 9, 12, 14, 17, 20, 22, 23, 26, 28, 30, 39]
[0, 1, 3, 5, 8, 9, 12, 14, 17, 20, 22, 24, 25, 27, 29, 39]
[0, 1, 3, 5, 8, 9, 12, 14, 17, 20, 22, 24, 25, 27, 30, 39]
[0, 1, 3, 5, 8, 9, 12, 14, 17, 20, 22, 24, 25, 28, 29, 39]
[0, 1, 3, 5, 8, 9, 12, 14, 17, 20, 22, 24, 25, 28, 30, 39]
[0, 1, 3, 5, 8, 9, 12, 14, 17, 20, 22, 24, 26, 27, 29, 39]
[0, 1, 3, 5, 8, 9, 12, 14, 17, 20, 22, 24, 26, 27, 30, 39]
[0, 1, 3, 5, 8, 9, 12, 14, 17, 20, 22, 24, 26, 28, 29, 39]
[0, 1, 3, 5, 8, 9, 12, 14, 17, 20, 22, 24, 26, 28, 30, 39]
[0, 1, 3, 5, 8, 9, 12, 14, 18, 25, 27, 29, 39]
[0, 1, 3, 5, 8, 9, 12, 14, 18, 25, 27, 30, 39]
[0, 1, 3, 5, 8, 9, 12, 14, 18, 25, 28, 29, 39]
[0, 1, 3, 5, 8, 9, 12, 14, 18, 25, 28, 30, 39]
[0, 1, 3, 5, 8, 9, 12, 14, 18, 26, 27, 29, 39]
[0, 1, 3, 5, 8, 9, 12, 14, 18, 26, 27, 30, 39]
[0, 1, 3, 5, 8, 9, 12, 14, 18, 26, 28, 29, 39]
[0, 1, 3, 5, 8, 9, 12, 14, 18, 26, 28, 30, 39]
[0, 1, 3, 5, 8, 10, 11, 13, 15, 39]
[0, 1, 3, 5, 8, 10, 11, 13, 16, 39]
[0, 1, 3, 5, 8, 10, 11, 14, 17, 19, 21, 23, 25, 27, 29, 39]
[0, 1, 3, 5, 8, 10, 11, 14, 17, 19, 21, 23, 25, 27, 30, 39]
[0, 1, 3, 5, 8, 10, 11, 14, 17, 19, 21, 23, 25, 28, 29, 39]
[0, 1, 3, 5, 8, 10, 11, 14, 17, 19, 21, 23, 25, 28, 30, 39]
[0, 1, 3, 5, 8, 10, 11, 14, 17, 19, 21, 23, 26, 27, 29, 39]
[0, 1, 3, 5, 8, 10, 11, 14, 17, 19, 21, 23, 26, 27, 30, 39]
[0, 1, 3, 5, 8, 10, 11, 14, 17, 19, 21, 23, 26, 28, 29, 39]
[0, 1, 3, 5, 8, 10, 11, 14, 17, 19, 21, 23, 26, 28, 30, 39]
[0, 1, 3, 5, 8, 10, 11, 14, 17, 19, 21, 24, 25, 27, 29, 39]
[0, 1, 3, 5, 8, 10, 11, 14, 17, 19, 21, 24, 25, 27, 30, 39]
[0, 1, 3, 5, 8, 10, 11, 14, 17, 19, 21, 24, 25, 28, 29, 39]
[0, 1, 3, 5, 8, 10, 11, 14, 17, 19, 21, 24, 25, 28, 30, 39]
[0, 1, 3, 5, 8, 10, 11, 14, 17, 19, 21, 24, 26, 27, 29, 39]
[0, 1, 3, 5, 8, 10, 11, 14, 17, 19, 21, 24, 26, 27, 30, 39]
[0, 1, 3, 5, 8, 10, 11, 14, 17, 19, 21, 24, 26, 28, 29, 39]
[0, 1, 3, 5, 8, 10, 11, 14, 17, 19, 21, 24, 26, 28, 30, 39]
[0, 1, 3, 5, 8, 10, 11, 14, 17, 19, 22, 23, 25, 27, 29, 39]
[0, 1, 3, 5, 8, 10, 11, 14, 17, 19, 22, 23, 25, 27, 30, 39]
[0, 1, 3, 5, 8, 10, 11, 14, 17, 19, 22, 23, 25, 28, 29, 39]
[0, 1, 3, 5, 8, 10, 11, 14, 17, 19, 22, 23, 25, 28, 30, 39]
[0, 1, 3, 5, 8, 10, 11, 14, 17, 19, 22, 23, 26, 27, 29, 39]
[0, 1, 3, 5, 8, 10, 11, 14, 17, 19, 22, 23, 26, 27, 30, 39]
[0, 1, 3, 5, 8, 10, 11, 14, 17, 19, 22, 23, 26, 28, 29, 39]
[0, 1, 3, 5, 8, 10, 11, 14, 17, 19, 22, 23, 26, 28, 30, 39]
[0, 1, 3, 5, 8, 10, 11, 14, 17, 19, 22, 24, 25, 27, 29, 39]
[0, 1, 3, 5, 8, 10, 11, 14, 17, 19, 22, 24, 25, 27, 30, 39]
[0, 1, 3, 5, 8, 10, 11, 14, 17, 19, 22, 24, 25, 28, 29, 39]
[0, 1, 3, 5, 8, 10, 11, 14, 17, 19, 22, 24, 25, 28, 30, 39]
[0, 1, 3, 5, 8, 10, 11, 14, 17, 19, 22, 24, 26, 27, 29, 39]
[0, 1, 3, 5, 8, 10, 11, 14, 17, 19, 22, 24, 26, 27, 30, 39]
[0, 1, 3, 5, 8, 10, 11, 14, 17, 19, 22, 24, 26, 28, 29, 39]
[0, 1, 3, 5, 8, 10, 11, 14, 17, 19, 22, 24, 26, 28, 30, 39]
[0, 1, 3, 5, 8, 10, 11, 14, 17, 20, 21, 23, 25, 27, 29, 39]
[0, 1, 3, 5, 8, 10, 11, 14, 17, 20, 21, 23, 25, 27, 30, 39]
[0, 1, 3, 5, 8, 10, 11, 14, 17, 20, 21, 23, 25, 28, 29, 39]
[0, 1, 3, 5, 8, 10, 11, 14, 17, 20, 21, 23, 25, 28, 30, 39]
[0, 1, 3, 5, 8, 10, 11, 14, 17, 20, 21, 23, 26, 27, 29, 39]
[0, 1, 3, 5, 8, 10, 11, 14, 17, 20, 21, 23, 26, 27, 30, 39]
[0, 1, 3, 5, 8, 10, 11, 14, 17, 20, 21, 23, 26, 28, 29, 39]
[0, 1, 3, 5, 8, 10, 11, 14, 17, 20, 21, 23, 26, 28, 30, 39]
[0, 1, 3, 5, 8, 10, 11, 14, 17, 20, 21, 24, 25, 27, 29, 39]
[0, 1, 3, 5, 8, 10, 11, 14, 17, 20, 21, 24, 25, 27, 30, 39]
[0, 1, 3, 5, 8, 10, 11, 14, 17, 20, 21, 24, 25, 28, 29, 39]
[0, 1, 3, 5, 8, 10, 11, 14, 17, 20, 21, 24, 25, 28, 30, 39]
[0, 1, 3, 5, 8, 10, 11, 14, 17, 20, 21, 24, 26, 27, 29, 39]
[0, 1, 3, 5, 8, 10, 11, 14, 17, 20, 21, 24, 26, 27, 30, 39]
[0, 1, 3, 5, 8, 10, 11, 14, 17, 20, 21, 24, 26, 28, 29, 39]
[0, 1, 3, 5, 8, 10, 11, 14, 17, 20, 21, 24, 26, 28, 30, 39]
[0, 1, 3, 5, 8, 10, 11, 14, 17, 20, 22, 23, 25, 27, 29, 39]
[0, 1, 3, 5, 8, 10, 11, 14, 17, 20, 22, 23, 25, 27, 30, 39]
[0, 1, 3, 5, 8, 10, 11, 14, 17, 20, 22, 23, 25, 28, 29, 39]
[0, 1, 3, 5, 8, 10, 11, 14, 17, 20, 22, 23, 25, 28, 30, 39]
[0, 1, 3, 5, 8, 10, 11, 14, 17, 20, 22, 23, 26, 27, 29, 39]
[0, 1, 3, 5, 8, 10, 11, 14, 17, 20, 22, 23, 26, 27, 30, 39]
[0, 1, 3, 5, 8, 10, 11, 14, 17, 20, 22, 23, 26, 28, 29, 39]
[0, 1, 3, 5, 8, 10, 11, 14, 17, 20, 22, 23, 26, 28, 30, 39]
[0, 1, 3, 5, 8, 10, 11, 14, 17, 20, 22, 24, 25, 27, 29, 39]
[0, 1, 3, 5, 8, 10, 11, 14, 17, 20, 22, 24, 25, 27, 30, 39]
[0, 1, 3, 5, 8, 10, 11, 14, 17, 20, 22, 24, 25, 28, 29, 39]
[0, 1, 3, 5, 8, 10, 11, 14, 17, 20, 22, 24, 25, 28, 30, 39]
[0, 1, 3, 5, 8, 10, 11, 14, 17, 20, 22, 24, 26, 27, 29, 39]
[0, 1, 3, 5, 8, 10, 11, 14, 17, 20, 22, 24, 26, 27, 30, 39]
[0, 1, 3, 5, 8, 10, 11, 14, 17, 20, 22, 24, 26, 28, 29, 39]
[0, 1, 3, 5, 8, 10, 11, 14, 17, 20, 22, 24, 26, 28, 30, 39]
[0, 1, 3, 5, 8, 10, 11, 14, 18, 25, 27, 29, 39]
[0, 1, 3, 5, 8, 10, 11, 14, 18, 25, 27, 30, 39]
[0, 1, 3, 5, 8, 10, 11, 14, 18, 25, 28, 29, 39]
[0, 1, 3, 5, 8, 10, 11, 14, 18, 25, 28, 30, 39]
[0, 1, 3, 5, 8, 10, 11, 14, 18, 26, 27, 29, 39]
[0, 1, 3, 5, 8, 10, 11, 14, 18, 26, 27, 30, 39]
[0, 1, 3, 5, 8, 10, 11, 14, 18, 26, 28, 29, 39]
[0, 1, 3, 5, 8, 10, 11, 14, 18, 26, 28, 30, 39]
[0, 1, 3, 5, 8, 10, 12, 13, 15, 39]
[0, 1, 3, 5, 8, 10, 12, 13, 16, 39]
[0, 1, 3, 5, 8, 10, 12, 14, 17, 19, 21, 23, 25, 27, 29, 39]
[0, 1, 3, 5, 8, 10, 12, 14, 17, 19, 21, 23, 25, 27, 30, 39]
[0, 1, 3, 5, 8, 10, 12, 14, 17, 19, 21, 23, 25, 28, 29, 39]
[0, 1, 3, 5, 8, 10, 12, 14, 17, 19, 21, 23, 25, 28, 30, 39]
[0, 1, 3, 5, 8, 10, 12, 14, 17, 19, 21, 23, 26, 27, 29, 39]
[0, 1, 3, 5, 8, 10, 12, 14, 17, 19, 21, 23, 26, 27, 30, 39]
[0, 1, 3, 5, 8, 10, 12, 14, 17, 19, 21, 23, 26, 28, 29, 39]
[0, 1, 3, 5, 8, 10, 12, 14, 17, 19, 21, 23, 26, 28, 30, 39]
[0, 1, 3, 5, 8, 10, 12, 14, 17, 19, 21, 24, 25, 27, 29, 39]
[0, 1, 3, 5, 8, 10, 12, 14, 17, 19, 21, 24, 25, 27, 30, 39]
[0, 1, 3, 5, 8, 10, 12, 14, 17, 19, 21, 24, 25, 28, 29, 39]
[0, 1, 3, 5, 8, 10, 12, 14, 17, 19, 21, 24, 25, 28, 30, 39]
[0, 1, 3, 5, 8, 10, 12, 14, 17, 19, 21, 24, 26, 27, 29, 39]
[0, 1, 3, 5, 8, 10, 12, 14, 17, 19, 21, 24, 26, 27, 30, 39]
[0, 1, 3, 5, 8, 10, 12, 14, 17, 19, 21, 24, 26, 28, 29, 39]
[0, 1, 3, 5, 8, 10, 12, 14, 17, 19, 21, 24, 26, 28, 30, 39]
[0, 1, 3, 5, 8, 10, 12, 14, 17, 19, 22, 23, 25, 27, 29, 39]
[0, 1, 3, 5, 8, 10, 12, 14, 17, 19, 22, 23, 25, 27, 30, 39]
[0, 1, 3, 5, 8, 10, 12, 14, 17, 19, 22, 23, 25, 28, 29, 39]
[0, 1, 3, 5, 8, 10, 12, 14, 17, 19, 22, 23, 25, 28, 30, 39]
[0, 1, 3, 5, 8, 10, 12, 14, 17, 19, 22, 23, 26, 27, 29, 39]
[0, 1, 3, 5, 8, 10, 12, 14, 17, 19, 22, 23, 26, 27, 30, 39]
[0, 1, 3, 5, 8, 10, 12, 14, 17, 19, 22, 23, 26, 28, 29, 39]
[0, 1, 3, 5, 8, 10, 12, 14, 17, 19, 22, 23, 26, 28, 30, 39]
[0, 1, 3, 5, 8, 10, 12, 14, 17, 19, 22, 24, 25, 27, 29, 39]
[0, 1, 3, 5, 8, 10, 12, 14, 17, 19, 22, 24, 25, 27, 30, 39]
[0, 1, 3, 5, 8, 10, 12, 14, 17, 19, 22, 24, 25, 28, 29, 39]
[0, 1, 3, 5, 8, 10, 12, 14, 17, 19, 22, 24, 25, 28, 30, 39]
[0, 1, 3, 5, 8, 10, 12, 14, 17, 19, 22, 24, 26, 27, 29, 39]
[0, 1, 3, 5, 8, 10, 12, 14, 17, 19, 22, 24, 26, 27, 30, 39]
[0, 1, 3, 5, 8, 10, 12, 14, 17, 19, 22, 24, 26, 28, 29, 39]
[0, 1, 3, 5, 8, 10, 12, 14, 17, 19, 22, 24, 26, 28, 30, 39]
[0, 1, 3, 5, 8, 10, 12, 14, 17, 20, 21, 23, 25, 27, 29, 39]
[0, 1, 3, 5, 8, 10, 12, 14, 17, 20, 21, 23, 25, 27, 30, 39]
[0, 1, 3, 5, 8, 10, 12, 14, 17, 20, 21, 23, 25, 28, 29, 39]
[0, 1, 3, 5, 8, 10, 12, 14, 17, 20, 21, 23, 25, 28, 30, 39]
[0, 1, 3, 5, 8, 10, 12, 14, 17, 20, 21, 23, 26, 27, 29, 39]
[0, 1, 3, 5, 8, 10, 12, 14, 17, 20, 21, 23, 26, 27, 30, 39]
[0, 1, 3, 5, 8, 10, 12, 14, 17, 20, 21, 23, 26, 28, 29, 39]
[0, 1, 3, 5, 8, 10, 12, 14, 17, 20, 21, 23, 26, 28, 30, 39]
[0, 1, 3, 5, 8, 10, 12, 14, 17, 20, 21, 24, 25, 27, 29, 39]
[0, 1, 3, 5, 8, 10, 12, 14, 17, 20, 21, 24, 25, 27, 30, 39]
[0, 1, 3, 5, 8, 10, 12, 14, 17, 20, 21, 24, 25, 28, 29, 39]
[0, 1, 3, 5, 8, 10, 12, 14, 17, 20, 21, 24, 25, 28, 30, 39]
[0, 1, 3, 5, 8, 10, 12, 14, 17, 20, 21, 24, 26, 27, 29, 39]
[0, 1, 3, 5, 8, 10, 12, 14, 17, 20, 21, 24, 26, 27, 30, 39]
[0, 1, 3, 5, 8, 10, 12, 14, 17, 20, 21, 24, 26, 28, 29, 39]
[0, 1, 3, 5, 8, 10, 12, 14, 17, 20, 21, 24, 26, 28, 30, 39]
[0, 1, 3, 5, 8, 10, 12, 14, 17, 20, 22, 23, 25, 27, 29, 39]
[0, 1, 3, 5, 8, 10, 12, 14, 17, 20, 22, 23, 25, 27, 30, 39]
[0, 1, 3, 5, 8, 10, 12, 14, 17, 20, 22, 23, 25, 28, 29, 39]
[0, 1, 3, 5, 8, 10, 12, 14, 17, 20, 22, 23, 25, 28, 30, 39]
[0, 1, 3, 5, 8, 10, 12, 14, 17, 20, 22, 23, 26, 27, 29, 39]
[0, 1, 3, 5, 8, 10, 12, 14, 17, 20, 22, 23, 26, 27, 30, 39]
[0, 1, 3, 5, 8, 10, 12, 14, 17, 20, 22, 23, 26, 28, 29, 39]
[0, 1, 3, 5, 8, 10, 12, 14, 17, 20, 22, 23, 26, 28, 30, 39]
[0, 1, 3, 5, 8, 10, 12, 14, 17, 20, 22, 24, 25, 27, 29, 39]
[0, 1, 3, 5, 8, 10, 12, 14, 17, 20, 22, 24, 25, 27, 30, 39]
[0, 1, 3, 5, 8, 10, 12, 14, 17, 20, 22, 24, 25, 28, 29, 39]
[0, 1, 3, 5, 8, 10, 12, 14, 17, 20, 22, 24, 25, 28, 30, 39]
[0, 1, 3, 5, 8, 10, 12, 14, 17, 20, 22, 24, 26, 27, 29, 39]
[0, 1, 3, 5, 8, 10, 12, 14, 17, 20, 22, 24, 26, 27, 30, 39]
[0, 1, 3, 5, 8, 10, 12, 14, 17, 20, 22, 24, 26, 28, 29, 39]
[0, 1, 3, 5, 8, 10, 12, 14, 17, 20, 22, 24, 26, 28, 30, 39]
[0, 1, 3, 5, 8, 10, 12, 14, 18, 25, 27, 29, 39]
[0, 1, 3, 5, 8, 10, 12, 14, 18, 25, 27, 30, 39]
[0, 1, 3, 5, 8, 10, 12, 14, 18, 25, 28, 29, 39]
[0, 1, 3, 5, 8, 10, 12, 14, 18, 25, 28, 30, 39]
[0, 1, 3, 5, 8, 10, 12, 14, 18, 26, 27, 29, 39]
[0, 1, 3, 5, 8, 10, 12, 14, 18, 26, 27, 30, 39]
[0, 1, 3, 5, 8, 10, 12, 14, 18, 26, 28, 29, 39]
[0, 1, 3, 5, 8, 10, 12, 14, 18, 26, 28, 30, 39]
[0, 1, 3, 6, 13, 15, 39]
[0, 1, 3, 6, 13, 16, 39]
[0, 1, 3, 6, 14, 17, 19, 21, 23, 25, 27, 29, 39]
[0, 1, 3, 6, 14, 17, 19, 21, 23, 25, 27, 30, 39]
[0, 1, 3, 6, 14, 17, 19, 21, 23, 25, 28, 29, 39]
[0, 1, 3, 6, 14, 17, 19, 21, 23, 25, 28, 30, 39]
[0, 1, 3, 6, 14, 17, 19, 21, 23, 26, 27, 29, 39]
[0, 1, 3, 6, 14, 17, 19, 21, 23, 26, 27, 30, 39]
[0, 1, 3, 6, 14, 17, 19, 21, 23, 26, 28, 29, 39]
[0, 1, 3, 6, 14, 17, 19, 21, 23, 26, 28, 30, 39]
[0, 1, 3, 6, 14, 17, 19, 21, 24, 25, 27, 29, 39]
[0, 1, 3, 6, 14, 17, 19, 21, 24, 25, 27, 30, 39]
[0, 1, 3, 6, 14, 17, 19, 21, 24, 25, 28, 29, 39]
[0, 1, 3, 6, 14, 17, 19, 21, 24, 25, 28, 30, 39]
[0, 1, 3, 6, 14, 17, 19, 21, 24, 26, 27, 29, 39]
[0, 1, 3, 6, 14, 17, 19, 21, 24, 26, 27, 30, 39]
[0, 1, 3, 6, 14, 17, 19, 21, 24, 26, 28, 29, 39]
[0, 1, 3, 6, 14, 17, 19, 21, 24, 26, 28, 30, 39]
[0, 1, 3, 6, 14, 17, 19, 22, 23, 25, 27, 29, 39]
[0, 1, 3, 6, 14, 17, 19, 22, 23, 25, 27, 30, 39]
[0, 1, 3, 6, 14, 17, 19, 22, 23, 25, 28, 29, 39]
[0, 1, 3, 6, 14, 17, 19, 22, 23, 25, 28, 30, 39]
[0, 1, 3, 6, 14, 17, 19, 22, 23, 26, 27, 29, 39]
[0, 1, 3, 6, 14, 17, 19, 22, 23, 26, 27, 30, 39]
[0, 1, 3, 6, 14, 17, 19, 22, 23, 26, 28, 29, 39]
[0, 1, 3, 6, 14, 17, 19, 22, 23, 26, 28, 30, 39]
[0, 1, 3, 6, 14, 17, 19, 22, 24, 25, 27, 29, 39]
[0, 1, 3, 6, 14, 17, 19, 22, 24, 25, 27, 30, 39]
[0, 1, 3, 6, 14, 17, 19, 22, 24, 25, 28, 29, 39]
[0, 1, 3, 6, 14, 17, 19, 22, 24, 25, 28, 30, 39]
[0, 1, 3, 6, 14, 17, 19, 22, 24, 26, 27, 29, 39]
[0, 1, 3, 6, 14, 17, 19, 22, 24, 26, 27, 30, 39]
[0, 1, 3, 6, 14, 17, 19, 22, 24, 26, 28, 29, 39]
[0, 1, 3, 6, 14, 17, 19, 22, 24, 26, 28, 30, 39]
[0, 1, 3, 6, 14, 17, 20, 21, 23, 25, 27, 29, 39]
[0, 1, 3, 6, 14, 17, 20, 21, 23, 25, 27, 30, 39]
[0, 1, 3, 6, 14, 17, 20, 21, 23, 25, 28, 29, 39]
[0, 1, 3, 6, 14, 17, 20, 21, 23, 25, 28, 30, 39]
[0, 1, 3, 6, 14, 17, 20, 21, 23, 26, 27, 29, 39]
[0, 1, 3, 6, 14, 17, 20, 21, 23, 26, 27, 30, 39]
[0, 1, 3, 6, 14, 17, 20, 21, 23, 26, 28, 29, 39]
[0, 1, 3, 6, 14, 17, 20, 21, 23, 26, 28, 30, 39]
[0, 1, 3, 6, 14, 17, 20, 21, 24, 25, 27, 29, 39]
[0, 1, 3, 6, 14, 17, 20, 21, 24, 25, 27, 30, 39]
[0, 1, 3, 6, 14, 17, 20, 21, 24, 25, 28, 29, 39]
[0, 1, 3, 6, 14, 17, 20, 21, 24, 25, 28, 30, 39]
[0, 1, 3, 6, 14, 17, 20, 21, 24, 26, 27, 29, 39]
[0, 1, 3, 6, 14, 17, 20, 21, 24, 26, 27, 30, 39]
[0, 1, 3, 6, 14, 17, 20, 21, 24, 26, 28, 29, 39]
[0, 1, 3, 6, 14, 17, 20, 21, 24, 26, 28, 30, 39]
[0, 1, 3, 6, 14, 17, 20, 22, 23, 25, 27, 29, 39]
[0, 1, 3, 6, 14, 17, 20, 22, 23, 25, 27, 30, 39]
[0, 1, 3, 6, 14, 17, 20, 22, 23, 25, 28, 29, 39]
[0, 1, 3, 6, 14, 17, 20, 22, 23, 25, 28, 30, 39]
[0, 1, 3, 6, 14, 17, 20, 22, 23, 26, 27, 29, 39]
[0, 1, 3, 6, 14, 17, 20, 22, 23, 26, 27, 30, 39]
[0, 1, 3, 6, 14, 17, 20, 22, 23, 26, 28, 29, 39]
[0, 1, 3, 6, 14, 17, 20, 22, 23, 26, 28, 30, 39]
[0, 1, 3, 6, 14, 17, 20, 22, 24, 25, 27, 29, 39]
[0, 1, 3, 6, 14, 17, 20, 22, 24, 25, 27, 30, 39]
[0, 1, 3, 6, 14, 17, 20, 22, 24, 25, 28, 29, 39]
[0, 1, 3, 6, 14, 17, 20, 22, 24, 25, 28, 30, 39]
[0, 1, 3, 6, 14, 17, 20, 22, 24, 26, 27, 29, 39]
[0, 1, 3, 6, 14, 17, 20, 22, 24, 26, 27, 30, 39]
[0, 1, 3, 6, 14, 17, 20, 22, 24, 26, 28, 29, 39]
[0, 1, 3, 6, 14, 17, 20, 22, 24, 26, 28, 30, 39]
[0, 1, 3, 6, 14, 18, 25, 27, 29, 39]
[0, 1, 3, 6, 14, 18, 25, 27, 30, 39]
[0, 1, 3, 6, 14, 18, 25, 28, 29, 39]
[0, 1, 3, 6, 14, 18, 25, 28, 30, 39]
[0, 1, 3, 6, 14, 18, 26, 27, 29, 39]
[0, 1, 3, 6, 14, 18, 26, 27, 30, 39]
[0, 1, 3, 6, 14, 18, 26, 28, 29, 39]
[0, 1, 3, 6, 14, 18, 26, 28, 30, 39]
[0, 1, 4, 37, 5, 7, 9, 11, 13, 15, 39]
[0, 1, 4, 37, 5, 7, 9, 11, 13, 16, 39]
[0, 1, 4, 37, 5, 7, 9, 11, 14, 17, 19, 21, 23, 25, 27, 29, 39]
[0, 1, 4, 37, 5, 7, 9, 11, 14, 17, 19, 21, 23, 25, 27, 30, 39]
[0, 1, 4, 37, 5, 7, 9, 11, 14, 17, 19, 21, 23, 25, 28, 29, 39]
[0, 1, 4, 37, 5, 7, 9, 11, 14, 17, 19, 21, 23, 25, 28, 30, 39]
[0, 1, 4, 37, 5, 7, 9, 11, 14, 17, 19, 21, 23, 26, 27, 29, 39]
[0, 1, 4, 37, 5, 7, 9, 11, 14, 17, 19, 21, 23, 26, 27, 30, 39]
[0, 1, 4, 37, 5, 7, 9, 11, 14, 17, 19, 21, 23, 26, 28, 29, 39]
[0, 1, 4, 37, 5, 7, 9, 11, 14, 17, 19, 21, 23, 26, 28, 30, 39]
[0, 1, 4, 37, 5, 7, 9, 11, 14, 17, 19, 21, 24, 25, 27, 29, 39]
[0, 1, 4, 37, 5, 7, 9, 11, 14, 17, 19, 21, 24, 25, 27, 30, 39]
[0, 1, 4, 37, 5, 7, 9, 11, 14, 17, 19, 21, 24, 25, 28, 29, 39]
[0, 1, 4, 37, 5, 7, 9, 11, 14, 17, 19, 21, 24, 25, 28, 30, 39]
[0, 1, 4, 37, 5, 7, 9, 11, 14, 17, 19, 21, 24, 26, 27, 29, 39]
[0, 1, 4, 37, 5, 7, 9, 11, 14, 17, 19, 21, 24, 26, 27, 30, 39]
[0, 1, 4, 37, 5, 7, 9, 11, 14, 17, 19, 21, 24, 26, 28, 29, 39]
[0, 1, 4, 37, 5, 7, 9, 11, 14, 17, 19, 21, 24, 26, 28, 30, 39]
[0, 1, 4, 37, 5, 7, 9, 11, 14, 17, 19, 22, 23, 25, 27, 29, 39]
[0, 1, 4, 37, 5, 7, 9, 11, 14, 17, 19, 22, 23, 25, 27, 30, 39]
[0, 1, 4, 37, 5, 7, 9, 11, 14, 17, 19, 22, 23, 25, 28, 29, 39]
[0, 1, 4, 37, 5, 7, 9, 11, 14, 17, 19, 22, 23, 25, 28, 30, 39]
[0, 1, 4, 37, 5, 7, 9, 11, 14, 17, 19, 22, 23, 26, 27, 29, 39]
[0, 1, 4, 37, 5, 7, 9, 11, 14, 17, 19, 22, 23, 26, 27, 30, 39]
[0, 1, 4, 37, 5, 7, 9, 11, 14, 17, 19, 22, 23, 26, 28, 29, 39]
[0, 1, 4, 37, 5, 7, 9, 11, 14, 17, 19, 22, 23, 26, 28, 30, 39]
[0, 1, 4, 37, 5, 7, 9, 11, 14, 17, 19, 22, 24, 25, 27, 29, 39]
[0, 1, 4, 37, 5, 7, 9, 11, 14, 17, 19, 22, 24, 25, 27, 30, 39]
[0, 1, 4, 37, 5, 7, 9, 11, 14, 17, 19, 22, 24, 25, 28, 29, 39]
[0, 1, 4, 37, 5, 7, 9, 11, 14, 17, 19, 22, 24, 25, 28, 30, 39]
[0, 1, 4, 37, 5, 7, 9, 11, 14, 17, 19, 22, 24, 26, 27, 29, 39]
[0, 1, 4, 37, 5, 7, 9, 11, 14, 17, 19, 22, 24, 26, 27, 30, 39]
[0, 1, 4, 37, 5, 7, 9, 11, 14, 17, 19, 22, 24, 26, 28, 29, 39]
[0, 1, 4, 37, 5, 7, 9, 11, 14, 17, 19, 22, 24, 26, 28, 30, 39]
[0, 1, 4, 37, 5, 7, 9, 11, 14, 17, 20, 21, 23, 25, 27, 29, 39]
[0, 1, 4, 37, 5, 7, 9, 11, 14, 17, 20, 21, 23, 25, 27, 30, 39]
[0, 1, 4, 37, 5, 7, 9, 11, 14, 17, 20, 21, 23, 25, 28, 29, 39]
[0, 1, 4, 37, 5, 7, 9, 11, 14, 17, 20, 21, 23, 25, 28, 30, 39]
[0, 1, 4, 37, 5, 7, 9, 11, 14, 17, 20, 21, 23, 26, 27, 29, 39]
[0, 1, 4, 37, 5, 7, 9, 11, 14, 17, 20, 21, 23, 26, 27, 30, 39]
[0, 1, 4, 37, 5, 7, 9, 11, 14, 17, 20, 21, 23, 26, 28, 29, 39]
[0, 1, 4, 37, 5, 7, 9, 11, 14, 17, 20, 21, 23, 26, 28, 30, 39]
[0, 1, 4, 37, 5, 7, 9, 11, 14, 17, 20, 21, 24, 25, 27, 29, 39]
[0, 1, 4, 37, 5, 7, 9, 11, 14, 17, 20, 21, 24, 25, 27, 30, 39]
[0, 1, 4, 37, 5, 7, 9, 11, 14, 17, 20, 21, 24, 25, 28, 29, 39]
[0, 1, 4, 37, 5, 7, 9, 11, 14, 17, 20, 21, 24, 25, 28, 30, 39]
[0, 1, 4, 37, 5, 7, 9, 11, 14, 17, 20, 21, 24, 26, 27, 29, 39]
[0, 1, 4, 37, 5, 7, 9, 11, 14, 17, 20, 21, 24, 26, 27, 30, 39]
[0, 1, 4, 37, 5, 7, 9, 11, 14, 17, 20, 21, 24, 26, 28, 29, 39]
[0, 1, 4, 37, 5, 7, 9, 11, 14, 17, 20, 21, 24, 26, 28, 30, 39]
[0, 1, 4, 37, 5, 7, 9, 11, 14, 17, 20, 22, 23, 25, 27, 29, 39]
[0, 1, 4, 37, 5, 7, 9, 11, 14, 17, 20, 22, 23, 25, 27, 30, 39]
[0, 1, 4, 37, 5, 7, 9, 11, 14, 17, 20, 22, 23, 25, 28, 29, 39]
[0, 1, 4, 37, 5, 7, 9, 11, 14, 17, 20, 22, 23, 25, 28, 30, 39]
[0, 1, 4, 37, 5, 7, 9, 11, 14, 17, 20, 22, 23, 26, 27, 29, 39]
[0, 1, 4, 37, 5, 7, 9, 11, 14, 17, 20, 22, 23, 26, 27, 30, 39]
[0, 1, 4, 37, 5, 7, 9, 11, 14, 17, 20, 22, 23, 26, 28, 29, 39]
[0, 1, 4, 37, 5, 7, 9, 11, 14, 17, 20, 22, 23, 26, 28, 30, 39]
[0, 1, 4, 37, 5, 7, 9, 11, 14, 17, 20, 22, 24, 25, 27, 29, 39]
[0, 1, 4, 37, 5, 7, 9, 11, 14, 17, 20, 22, 24, 25, 27, 30, 39]
[0, 1, 4, 37, 5, 7, 9, 11, 14, 17, 20, 22, 24, 25, 28, 29, 39]
[0, 1, 4, 37, 5, 7, 9, 11, 14, 17, 20, 22, 24, 25, 28, 30, 39]
[0, 1, 4, 37, 5, 7, 9, 11, 14, 17, 20, 22, 24, 26, 27, 29, 39]
[0, 1, 4, 37, 5, 7, 9, 11, 14, 17, 20, 22, 24, 26, 27, 30, 39]
[0, 1, 4, 37, 5, 7, 9, 11, 14, 17, 20, 22, 24, 26, 28, 29, 39]
[0, 1, 4, 37, 5, 7, 9, 11, 14, 17, 20, 22, 24, 26, 28, 30, 39]
[0, 1, 4, 37, 5, 7, 9, 11, 14, 18, 25, 27, 29, 39]
[0, 1, 4, 37, 5, 7, 9, 11, 14, 18, 25, 27, 30, 39]
[0, 1, 4, 37, 5, 7, 9, 11, 14, 18, 25, 28, 29, 39]
[0, 1, 4, 37, 5, 7, 9, 11, 14, 18, 25, 28, 30, 39]
[0, 1, 4, 37, 5, 7, 9, 11, 14, 18, 26, 27, 29, 39]
[0, 1, 4, 37, 5, 7, 9, 11, 14, 18, 26, 27, 30, 39]
[0, 1, 4, 37, 5, 7, 9, 11, 14, 18, 26, 28, 29, 39]
[0, 1, 4, 37, 5, 7, 9, 11, 14, 18, 26, 28, 30, 39]
[0, 1, 4, 37, 5, 7, 9, 12, 13, 15, 39]
[0, 1, 4, 37, 5, 7, 9, 12, 13, 16, 39]
[0, 1, 4, 37, 5, 7, 9, 12, 14, 17, 19, 21, 23, 25, 27, 29, 39]
[0, 1, 4, 37, 5, 7, 9, 12, 14, 17, 19, 21, 23, 25, 27, 30, 39]
[0, 1, 4, 37, 5, 7, 9, 12, 14, 17, 19, 21, 23, 25, 28, 29, 39]
[0, 1, 4, 37, 5, 7, 9, 12, 14, 17, 19, 21, 23, 25, 28, 30, 39]
[0, 1, 4, 37, 5, 7, 9, 12, 14, 17, 19, 21, 23, 26, 27, 29, 39]
[0, 1, 4, 37, 5, 7, 9, 12, 14, 17, 19, 21, 23, 26, 27, 30, 39]
[0, 1, 4, 37, 5, 7, 9, 12, 14, 17, 19, 21, 23, 26, 28, 29, 39]
[0, 1, 4, 37, 5, 7, 9, 12, 14, 17, 19, 21, 23, 26, 28, 30, 39]
[0, 1, 4, 37, 5, 7, 9, 12, 14, 17, 19, 21, 24, 25, 27, 29, 39]
[0, 1, 4, 37, 5, 7, 9, 12, 14, 17, 19, 21, 24, 25, 27, 30, 39]
[0, 1, 4, 37, 5, 7, 9, 12, 14, 17, 19, 21, 24, 25, 28, 29, 39]
[0, 1, 4, 37, 5, 7, 9, 12, 14, 17, 19, 21, 24, 25, 28, 30, 39]
[0, 1, 4, 37, 5, 7, 9, 12, 14, 17, 19, 21, 24, 26, 27, 29, 39]
[0, 1, 4, 37, 5, 7, 9, 12, 14, 17, 19, 21, 24, 26, 27, 30, 39]
[0, 1, 4, 37, 5, 7, 9, 12, 14, 17, 19, 21, 24, 26, 28, 29, 39]
[0, 1, 4, 37, 5, 7, 9, 12, 14, 17, 19, 21, 24, 26, 28, 30, 39]
[0, 1, 4, 37, 5, 7, 9, 12, 14, 17, 19, 22, 23, 25, 27, 29, 39]
[0, 1, 4, 37, 5, 7, 9, 12, 14, 17, 19, 22, 23, 25, 27, 30, 39]
[0, 1, 4, 37, 5, 7, 9, 12, 14, 17, 19, 22, 23, 25, 28, 29, 39]
[0, 1, 4, 37, 5, 7, 9, 12, 14, 17, 19, 22, 23, 25, 28, 30, 39]
[0, 1, 4, 37, 5, 7, 9, 12, 14, 17, 19, 22, 23, 26, 27, 29, 39]
[0, 1, 4, 37, 5, 7, 9, 12, 14, 17, 19, 22, 23, 26, 27, 30, 39]
[0, 1, 4, 37, 5, 7, 9, 12, 14, 17, 19, 22, 23, 26, 28, 29, 39]
[0, 1, 4, 37, 5, 7, 9, 12, 14, 17, 19, 22, 23, 26, 28, 30, 39]
[0, 1, 4, 37, 5, 7, 9, 12, 14, 17, 19, 22, 24, 25, 27, 29, 39]
[0, 1, 4, 37, 5, 7, 9, 12, 14, 17, 19, 22, 24, 25, 27, 30, 39]
[0, 1, 4, 37, 5, 7, 9, 12, 14, 17, 19, 22, 24, 25, 28, 29, 39]
[0, 1, 4, 37, 5, 7, 9, 12, 14, 17, 19, 22, 24, 25, 28, 30, 39]
[0, 1, 4, 37, 5, 7, 9, 12, 14, 17, 19, 22, 24, 26, 27, 29, 39]
[0, 1, 4, 37, 5, 7, 9, 12, 14, 17, 19, 22, 24, 26, 27, 30, 39]
[0, 1, 4, 37, 5, 7, 9, 12, 14, 17, 19, 22, 24, 26, 28, 29, 39]
[0, 1, 4, 37, 5, 7, 9, 12, 14, 17, 19, 22, 24, 26, 28, 30, 39]
[0, 1, 4, 37, 5, 7, 9, 12, 14, 17, 20, 21, 23, 25, 27, 29, 39]
[0, 1, 4, 37, 5, 7, 9, 12, 14, 17, 20, 21, 23, 25, 27, 30, 39]
[0, 1, 4, 37, 5, 7, 9, 12, 14, 17, 20, 21, 23, 25, 28, 29, 39]
[0, 1, 4, 37, 5, 7, 9, 12, 14, 17, 20, 21, 23, 25, 28, 30, 39]
[0, 1, 4, 37, 5, 7, 9, 12, 14, 17, 20, 21, 23, 26, 27, 29, 39]
[0, 1, 4, 37, 5, 7, 9, 12, 14, 17, 20, 21, 23, 26, 27, 30, 39]
[0, 1, 4, 37, 5, 7, 9, 12, 14, 17, 20, 21, 23, 26, 28, 29, 39]
[0, 1, 4, 37, 5, 7, 9, 12, 14, 17, 20, 21, 23, 26, 28, 30, 39]
[0, 1, 4, 37, 5, 7, 9, 12, 14, 17, 20, 21, 24, 25, 27, 29, 39]
[0, 1, 4, 37, 5, 7, 9, 12, 14, 17, 20, 21, 24, 25, 27, 30, 39]
[0, 1, 4, 37, 5, 7, 9, 12, 14, 17, 20, 21, 24, 25, 28, 29, 39]
[0, 1, 4, 37, 5, 7, 9, 12, 14, 17, 20, 21, 24, 25, 28, 30, 39]
[0, 1, 4, 37, 5, 7, 9, 12, 14, 17, 20, 21, 24, 26, 27, 29, 39]
[0, 1, 4, 37, 5, 7, 9, 12, 14, 17, 20, 21, 24, 26, 27, 30, 39]
[0, 1, 4, 37, 5, 7, 9, 12, 14, 17, 20, 21, 24, 26, 28, 29, 39]
[0, 1, 4, 37, 5, 7, 9, 12, 14, 17, 20, 21, 24, 26, 28, 30, 39]
[0, 1, 4, 37, 5, 7, 9, 12, 14, 17, 20, 22, 23, 25, 27, 29, 39]
[0, 1, 4, 37, 5, 7, 9, 12, 14, 17, 20, 22, 23, 25, 27, 30, 39]
[0, 1, 4, 37, 5, 7, 9, 12, 14, 17, 20, 22, 23, 25, 28, 29, 39]
[0, 1, 4, 37, 5, 7, 9, 12, 14, 17, 20, 22, 23, 25, 28, 30, 39]
[0, 1, 4, 37, 5, 7, 9, 12, 14, 17, 20, 22, 23, 26, 27, 29, 39]
[0, 1, 4, 37, 5, 7, 9, 12, 14, 17, 20, 22, 23, 26, 27, 30, 39]
[0, 1, 4, 37, 5, 7, 9, 12, 14, 17, 20, 22, 23, 26, 28, 29, 39]
[0, 1, 4, 37, 5, 7, 9, 12, 14, 17, 20, 22, 23, 26, 28, 30, 39]
[0, 1, 4, 37, 5, 7, 9, 12, 14, 17, 20, 22, 24, 25, 27, 29, 39]
[0, 1, 4, 37, 5, 7, 9, 12, 14, 17, 20, 22, 24, 25, 27, 30, 39]
[0, 1, 4, 37, 5, 7, 9, 12, 14, 17, 20, 22, 24, 25, 28, 29, 39]
[0, 1, 4, 37, 5, 7, 9, 12, 14, 17, 20, 22, 24, 25, 28, 30, 39]
[0, 1, 4, 37, 5, 7, 9, 12, 14, 17, 20, 22, 24, 26, 27, 29, 39]
[0, 1, 4, 37, 5, 7, 9, 12, 14, 17, 20, 22, 24, 26, 27, 30, 39]
[0, 1, 4, 37, 5, 7, 9, 12, 14, 17, 20, 22, 24, 26, 28, 29, 39]
[0, 1, 4, 37, 5, 7, 9, 12, 14, 17, 20, 22, 24, 26, 28, 30, 39]
[0, 1, 4, 37, 5, 7, 9, 12, 14, 18, 25, 27, 29, 39]
[0, 1, 4, 37, 5, 7, 9, 12, 14, 18, 25, 27, 30, 39]
[0, 1, 4, 37, 5, 7, 9, 12, 14, 18, 25, 28, 29, 39]
[0, 1, 4, 37, 5, 7, 9, 12, 14, 18, 25, 28, 30, 39]
[0, 1, 4, 37, 5, 7, 9, 12, 14, 18, 26, 27, 29, 39]
[0, 1, 4, 37, 5, 7, 9, 12, 14, 18, 26, 27, 30, 39]
[0, 1, 4, 37, 5, 7, 9, 12, 14, 18, 26, 28, 29, 39]
[0, 1, 4, 37, 5, 7, 9, 12, 14, 18, 26, 28, 30, 39]
[0, 1, 4, 37, 5, 7, 10, 11, 13, 15, 39]
[0, 1, 4, 37, 5, 7, 10, 11, 13, 16, 39]
[0, 1, 4, 37, 5, 7, 10, 11, 14, 17, 19, 21, 23, 25, 27, 29, 39]
[0, 1, 4, 37, 5, 7, 10, 11, 14, 17, 19, 21, 23, 25, 27, 30, 39]
[0, 1, 4, 37, 5, 7, 10, 11, 14, 17, 19, 21, 23, 25, 28, 29, 39]
[0, 1, 4, 37, 5, 7, 10, 11, 14, 17, 19, 21, 23, 25, 28, 30, 39]
[0, 1, 4, 37, 5, 7, 10, 11, 14, 17, 19, 21, 23, 26, 27, 29, 39]
[0, 1, 4, 37, 5, 7, 10, 11, 14, 17, 19, 21, 23, 26, 27, 30, 39]
[0, 1, 4, 37, 5, 7, 10, 11, 14, 17, 19, 21, 23, 26, 28, 29, 39]
[0, 1, 4, 37, 5, 7, 10, 11, 14, 17, 19, 21, 23, 26, 28, 30, 39]
[0, 1, 4, 37, 5, 7, 10, 11, 14, 17, 19, 21, 24, 25, 27, 29, 39]
[0, 1, 4, 37, 5, 7, 10, 11, 14, 17, 19, 21, 24, 25, 27, 30, 39]
[0, 1, 4, 37, 5, 7, 10, 11, 14, 17, 19, 21, 24, 25, 28, 29, 39]
[0, 1, 4, 37, 5, 7, 10, 11, 14, 17, 19, 21, 24, 25, 28, 30, 39]
[0, 1, 4, 37, 5, 7, 10, 11, 14, 17, 19, 21, 24, 26, 27, 29, 39]
[0, 1, 4, 37, 5, 7, 10, 11, 14, 17, 19, 21, 24, 26, 27, 30, 39]
[0, 1, 4, 37, 5, 7, 10, 11, 14, 17, 19, 21, 24, 26, 28, 29, 39]
[0, 1, 4, 37, 5, 7, 10, 11, 14, 17, 19, 21, 24, 26, 28, 30, 39]
[0, 1, 4, 37, 5, 7, 10, 11, 14, 17, 19, 22, 23, 25, 27, 29, 39]
[0, 1, 4, 37, 5, 7, 10, 11, 14, 17, 19, 22, 23, 25, 27, 30, 39]
[0, 1, 4, 37, 5, 7, 10, 11, 14, 17, 19, 22, 23, 25, 28, 29, 39]
[0, 1, 4, 37, 5, 7, 10, 11, 14, 17, 19, 22, 23, 25, 28, 30, 39]
[0, 1, 4, 37, 5, 7, 10, 11, 14, 17, 19, 22, 23, 26, 27, 29, 39]
[0, 1, 4, 37, 5, 7, 10, 11, 14, 17, 19, 22, 23, 26, 27, 30, 39]
[0, 1, 4, 37, 5, 7, 10, 11, 14, 17, 19, 22, 23, 26, 28, 29, 39]
[0, 1, 4, 37, 5, 7, 10, 11, 14, 17, 19, 22, 23, 26, 28, 30, 39]
[0, 1, 4, 37, 5, 7, 10, 11, 14, 17, 19, 22, 24, 25, 27, 29, 39]
[0, 1, 4, 37, 5, 7, 10, 11, 14, 17, 19, 22, 24, 25, 27, 30, 39]
[0, 1, 4, 37, 5, 7, 10, 11, 14, 17, 19, 22, 24, 25, 28, 29, 39]
[0, 1, 4, 37, 5, 7, 10, 11, 14, 17, 19, 22, 24, 25, 28, 30, 39]
[0, 1, 4, 37, 5, 7, 10, 11, 14, 17, 19, 22, 24, 26, 27, 29, 39]
[0, 1, 4, 37, 5, 7, 10, 11, 14, 17, 19, 22, 24, 26, 27, 30, 39]
[0, 1, 4, 37, 5, 7, 10, 11, 14, 17, 19, 22, 24, 26, 28, 29, 39]
[0, 1, 4, 37, 5, 7, 10, 11, 14, 17, 19, 22, 24, 26, 28, 30, 39]
[0, 1, 4, 37, 5, 7, 10, 11, 14, 17, 20, 21, 23, 25, 27, 29, 39]
[0, 1, 4, 37, 5, 7, 10, 11, 14, 17, 20, 21, 23, 25, 27, 30, 39]
[0, 1, 4, 37, 5, 7, 10, 11, 14, 17, 20, 21, 23, 25, 28, 29, 39]
[0, 1, 4, 37, 5, 7, 10, 11, 14, 17, 20, 21, 23, 25, 28, 30, 39]
[0, 1, 4, 37, 5, 7, 10, 11, 14, 17, 20, 21, 23, 26, 27, 29, 39]
[0, 1, 4, 37, 5, 7, 10, 11, 14, 17, 20, 21, 23, 26, 27, 30, 39]
[0, 1, 4, 37, 5, 7, 10, 11, 14, 17, 20, 21, 23, 26, 28, 29, 39]
[0, 1, 4, 37, 5, 7, 10, 11, 14, 17, 20, 21, 23, 26, 28, 30, 39]
[0, 1, 4, 37, 5, 7, 10, 11, 14, 17, 20, 21, 24, 25, 27, 29, 39]
[0, 1, 4, 37, 5, 7, 10, 11, 14, 17, 20, 21, 24, 25, 27, 30, 39]
[0, 1, 4, 37, 5, 7, 10, 11, 14, 17, 20, 21, 24, 25, 28, 29, 39]
[0, 1, 4, 37, 5, 7, 10, 11, 14, 17, 20, 21, 24, 25, 28, 30, 39]
[0, 1, 4, 37, 5, 7, 10, 11, 14, 17, 20, 21, 24, 26, 27, 29, 39]
[0, 1, 4, 37, 5, 7, 10, 11, 14, 17, 20, 21, 24, 26, 27, 30, 39]
[0, 1, 4, 37, 5, 7, 10, 11, 14, 17, 20, 21, 24, 26, 28, 29, 39]
[0, 1, 4, 37, 5, 7, 10, 11, 14, 17, 20, 21, 24, 26, 28, 30, 39]
[0, 1, 4, 37, 5, 7, 10, 11, 14, 17, 20, 22, 23, 25, 27, 29, 39]
[0, 1, 4, 37, 5, 7, 10, 11, 14, 17, 20, 22, 23, 25, 27, 30, 39]
[0, 1, 4, 37, 5, 7, 10, 11, 14, 17, 20, 22, 23, 25, 28, 29, 39]
[0, 1, 4, 37, 5, 7, 10, 11, 14, 17, 20, 22, 23, 25, 28, 30, 39]
[0, 1, 4, 37, 5, 7, 10, 11, 14, 17, 20, 22, 23, 26, 27, 29, 39]
[0, 1, 4, 37, 5, 7, 10, 11, 14, 17, 20, 22, 23, 26, 27, 30, 39]
[0, 1, 4, 37, 5, 7, 10, 11, 14, 17, 20, 22, 23, 26, 28, 29, 39]
[0, 1, 4, 37, 5, 7, 10, 11, 14, 17, 20, 22, 23, 26, 28, 30, 39]
[0, 1, 4, 37, 5, 7, 10, 11, 14, 17, 20, 22, 24, 25, 27, 29, 39]
[0, 1, 4, 37, 5, 7, 10, 11, 14, 17, 20, 22, 24, 25, 27, 30, 39]
[0, 1, 4, 37, 5, 7, 10, 11, 14, 17, 20, 22, 24, 25, 28, 29, 39]
[0, 1, 4, 37, 5, 7, 10, 11, 14, 17, 20, 22, 24, 25, 28, 30, 39]
[0, 1, 4, 37, 5, 7, 10, 11, 14, 17, 20, 22, 24, 26, 27, 29, 39]
[0, 1, 4, 37, 5, 7, 10, 11, 14, 17, 20, 22, 24, 26, 27, 30, 39]
[0, 1, 4, 37, 5, 7, 10, 11, 14, 17, 20, 22, 24, 26, 28, 29, 39]
[0, 1, 4, 37, 5, 7, 10, 11, 14, 17, 20, 22, 24, 26, 28, 30, 39]
[0, 1, 4, 37, 5, 7, 10, 11, 14, 18, 25, 27, 29, 39]
[0, 1, 4, 37, 5, 7, 10, 11, 14, 18, 25, 27, 30, 39]
[0, 1, 4, 37, 5, 7, 10, 11, 14, 18, 25, 28, 29, 39]
[0, 1, 4, 37, 5, 7, 10, 11, 14, 18, 25, 28, 30, 39]
[0, 1, 4, 37, 5, 7, 10, 11, 14, 18, 26, 27, 29, 39]
[0, 1, 4, 37, 5, 7, 10, 11, 14, 18, 26, 27, 30, 39]
[0, 1, 4, 37, 5, 7, 10, 11, 14, 18, 26, 28, 29, 39]
[0, 1, 4, 37, 5, 7, 10, 11, 14, 18, 26, 28, 30, 39]
[0, 1, 4, 37, 5, 7, 10, 12, 13, 15, 39]
[0, 1, 4, 37, 5, 7, 10, 12, 13, 16, 39]
[0, 1, 4, 37, 5, 7, 10, 12, 14, 17, 19, 21, 23, 25, 27, 29, 39]
[0, 1, 4, 37, 5, 7, 10, 12, 14, 17, 19, 21, 23, 25, 27, 30, 39]
[0, 1, 4, 37, 5, 7, 10, 12, 14, 17, 19, 21, 23, 25, 28, 29, 39]
[0, 1, 4, 37, 5, 7, 10, 12, 14, 17, 19, 21, 23, 25, 28, 30, 39]
[0, 1, 4, 37, 5, 7, 10, 12, 14, 17, 19, 21, 23, 26, 27, 29, 39]
[0, 1, 4, 37, 5, 7, 10, 12, 14, 17, 19, 21, 23, 26, 27, 30, 39]
[0, 1, 4, 37, 5, 7, 10, 12, 14, 17, 19, 21, 23, 26, 28, 29, 39]
[0, 1, 4, 37, 5, 7, 10, 12, 14, 17, 19, 21, 23, 26, 28, 30, 39]
[0, 1, 4, 37, 5, 7, 10, 12, 14, 17, 19, 21, 24, 25, 27, 29, 39]
[0, 1, 4, 37, 5, 7, 10, 12, 14, 17, 19, 21, 24, 25, 27, 30, 39]
[0, 1, 4, 37, 5, 7, 10, 12, 14, 17, 19, 21, 24, 25, 28, 29, 39]
[0, 1, 4, 37, 5, 7, 10, 12, 14, 17, 19, 21, 24, 25, 28, 30, 39]
[0, 1, 4, 37, 5, 7, 10, 12, 14, 17, 19, 21, 24, 26, 27, 29, 39]
[0, 1, 4, 37, 5, 7, 10, 12, 14, 17, 19, 21, 24, 26, 27, 30, 39]
[0, 1, 4, 37, 5, 7, 10, 12, 14, 17, 19, 21, 24, 26, 28, 29, 39]
[0, 1, 4, 37, 5, 7, 10, 12, 14, 17, 19, 21, 24, 26, 28, 30, 39]
[0, 1, 4, 37, 5, 7, 10, 12, 14, 17, 19, 22, 23, 25, 27, 29, 39]
[0, 1, 4, 37, 5, 7, 10, 12, 14, 17, 19, 22, 23, 25, 27, 30, 39]
[0, 1, 4, 37, 5, 7, 10, 12, 14, 17, 19, 22, 23, 25, 28, 29, 39]
[0, 1, 4, 37, 5, 7, 10, 12, 14, 17, 19, 22, 23, 25, 28, 30, 39]
[0, 1, 4, 37, 5, 7, 10, 12, 14, 17, 19, 22, 23, 26, 27, 29, 39]
[0, 1, 4, 37, 5, 7, 10, 12, 14, 17, 19, 22, 23, 26, 27, 30, 39]
[0, 1, 4, 37, 5, 7, 10, 12, 14, 17, 19, 22, 23, 26, 28, 29, 39]
[0, 1, 4, 37, 5, 7, 10, 12, 14, 17, 19, 22, 23, 26, 28, 30, 39]
[0, 1, 4, 37, 5, 7, 10, 12, 14, 17, 19, 22, 24, 25, 27, 29, 39]
[0, 1, 4, 37, 5, 7, 10, 12, 14, 17, 19, 22, 24, 25, 27, 30, 39]
[0, 1, 4, 37, 5, 7, 10, 12, 14, 17, 19, 22, 24, 25, 28, 29, 39]
[0, 1, 4, 37, 5, 7, 10, 12, 14, 17, 19, 22, 24, 25, 28, 30, 39]
[0, 1, 4, 37, 5, 7, 10, 12, 14, 17, 19, 22, 24, 26, 27, 29, 39]
[0, 1, 4, 37, 5, 7, 10, 12, 14, 17, 19, 22, 24, 26, 27, 30, 39]
[0, 1, 4, 37, 5, 7, 10, 12, 14, 17, 19, 22, 24, 26, 28, 29, 39]
[0, 1, 4, 37, 5, 7, 10, 12, 14, 17, 19, 22, 24, 26, 28, 30, 39]
[0, 1, 4, 37, 5, 7, 10, 12, 14, 17, 20, 21, 23, 25, 27, 29, 39]
[0, 1, 4, 37, 5, 7, 10, 12, 14, 17, 20, 21, 23, 25, 27, 30, 39]
[0, 1, 4, 37, 5, 7, 10, 12, 14, 17, 20, 21, 23, 25, 28, 29, 39]
[0, 1, 4, 37, 5, 7, 10, 12, 14, 17, 20, 21, 23, 25, 28, 30, 39]
[0, 1, 4, 37, 5, 7, 10, 12, 14, 17, 20, 21, 23, 26, 27, 29, 39]
[0, 1, 4, 37, 5, 7, 10, 12, 14, 17, 20, 21, 23, 26, 27, 30, 39]
[0, 1, 4, 37, 5, 7, 10, 12, 14, 17, 20, 21, 23, 26, 28, 29, 39]
[0, 1, 4, 37, 5, 7, 10, 12, 14, 17, 20, 21, 23, 26, 28, 30, 39]
[0, 1, 4, 37, 5, 7, 10, 12, 14, 17, 20, 21, 24, 25, 27, 29, 39]
[0, 1, 4, 37, 5, 7, 10, 12, 14, 17, 20, 21, 24, 25, 27, 30, 39]
[0, 1, 4, 37, 5, 7, 10, 12, 14, 17, 20, 21, 24, 25, 28, 29, 39]
[0, 1, 4, 37, 5, 7, 10, 12, 14, 17, 20, 21, 24, 25, 28, 30, 39]
[0, 1, 4, 37, 5, 7, 10, 12, 14, 17, 20, 21, 24, 26, 27, 29, 39]
[0, 1, 4, 37, 5, 7, 10, 12, 14, 17, 20, 21, 24, 26, 27, 30, 39]
[0, 1, 4, 37, 5, 7, 10, 12, 14, 17, 20, 21, 24, 26, 28, 29, 39]
[0, 1, 4, 37, 5, 7, 10, 12, 14, 17, 20, 21, 24, 26, 28, 30, 39]
[0, 1, 4, 37, 5, 7, 10, 12, 14, 17, 20, 22, 23, 25, 27, 29, 39]
[0, 1, 4, 37, 5, 7, 10, 12, 14, 17, 20, 22, 23, 25, 27, 30, 39]
[0, 1, 4, 37, 5, 7, 10, 12, 14, 17, 20, 22, 23, 25, 28, 29, 39]
[0, 1, 4, 37, 5, 7, 10, 12, 14, 17, 20, 22, 23, 25, 28, 30, 39]
[0, 1, 4, 37, 5, 7, 10, 12, 14, 17, 20, 22, 23, 26, 27, 29, 39]
[0, 1, 4, 37, 5, 7, 10, 12, 14, 17, 20, 22, 23, 26, 27, 30, 39]
[0, 1, 4, 37, 5, 7, 10, 12, 14, 17, 20, 22, 23, 26, 28, 29, 39]
[0, 1, 4, 37, 5, 7, 10, 12, 14, 17, 20, 22, 23, 26, 28, 30, 39]
[0, 1, 4, 37, 5, 7, 10, 12, 14, 17, 20, 22, 24, 25, 27, 29, 39]
[0, 1, 4, 37, 5, 7, 10, 12, 14, 17, 20, 22, 24, 25, 27, 30, 39]
[0, 1, 4, 37, 5, 7, 10, 12, 14, 17, 20, 22, 24, 25, 28, 29, 39]
[0, 1, 4, 37, 5, 7, 10, 12, 14, 17, 20, 22, 24, 25, 28, 30, 39]
[0, 1, 4, 37, 5, 7, 10, 12, 14, 17, 20, 22, 24, 26, 27, 29, 39]
[0, 1, 4, 37, 5, 7, 10, 12, 14, 17, 20, 22, 24, 26, 27, 30, 39]
[0, 1, 4, 37, 5, 7, 10, 12, 14, 17, 20, 22, 24, 26, 28, 29, 39]
[0, 1, 4, 37, 5, 7, 10, 12, 14, 17, 20, 22, 24, 26, 28, 30, 39]
[0, 1, 4, 37, 5, 7, 10, 12, 14, 18, 25, 27, 29, 39]
[0, 1, 4, 37, 5, 7, 10, 12, 14, 18, 25, 27, 30, 39]
[0, 1, 4, 37, 5, 7, 10, 12, 14, 18, 25, 28, 29, 39]
[0, 1, 4, 37, 5, 7, 10, 12, 14, 18, 25, 28, 30, 39]
[0, 1, 4, 37, 5, 7, 10, 12, 14, 18, 26, 27, 29, 39]
[0, 1, 4, 37, 5, 7, 10, 12, 14, 18, 26, 27, 30, 39]
[0, 1, 4, 37, 5, 7, 10, 12, 14, 18, 26, 28, 29, 39]
[0, 1, 4, 37, 5, 7, 10, 12, 14, 18, 26, 28, 30, 39]
[0, 1, 4, 37, 5, 8, 9, 11, 13, 15, 39]
[0, 1, 4, 37, 5, 8, 9, 11, 13, 16, 39]
[0, 1, 4, 37, 5, 8, 9, 11, 14, 17, 19, 21, 23, 25, 27, 29, 39]
[0, 1, 4, 37, 5, 8, 9, 11, 14, 17, 19, 21, 23, 25, 27, 30, 39]
[0, 1, 4, 37, 5, 8, 9, 11, 14, 17, 19, 21, 23, 25, 28, 29, 39]
[0, 1, 4, 37, 5, 8, 9, 11, 14, 17, 19, 21, 23, 25, 28, 30, 39]
[0, 1, 4, 37, 5, 8, 9, 11, 14, 17, 19, 21, 23, 26, 27, 29, 39]
[0, 1, 4, 37, 5, 8, 9, 11, 14, 17, 19, 21, 23, 26, 27, 30, 39]
[0, 1, 4, 37, 5, 8, 9, 11, 14, 17, 19, 21, 23, 26, 28, 29, 39]
[0, 1, 4, 37, 5, 8, 9, 11, 14, 17, 19, 21, 23, 26, 28, 30, 39]
[0, 1, 4, 37, 5, 8, 9, 11, 14, 17, 19, 21, 24, 25, 27, 29, 39]
[0, 1, 4, 37, 5, 8, 9, 11, 14, 17, 19, 21, 24, 25, 27, 30, 39]
[0, 1, 4, 37, 5, 8, 9, 11, 14, 17, 19, 21, 24, 25, 28, 29, 39]
[0, 1, 4, 37, 5, 8, 9, 11, 14, 17, 19, 21, 24, 25, 28, 30, 39]
[0, 1, 4, 37, 5, 8, 9, 11, 14, 17, 19, 21, 24, 26, 27, 29, 39]
[0, 1, 4, 37, 5, 8, 9, 11, 14, 17, 19, 21, 24, 26, 27, 30, 39]
[0, 1, 4, 37, 5, 8, 9, 11, 14, 17, 19, 21, 24, 26, 28, 29, 39]
[0, 1, 4, 37, 5, 8, 9, 11, 14, 17, 19, 21, 24, 26, 28, 30, 39]
[0, 1, 4, 37, 5, 8, 9, 11, 14, 17, 19, 22, 23, 25, 27, 29, 39]
[0, 1, 4, 37, 5, 8, 9, 11, 14, 17, 19, 22, 23, 25, 27, 30, 39]
[0, 1, 4, 37, 5, 8, 9, 11, 14, 17, 19, 22, 23, 25, 28, 29, 39]
[0, 1, 4, 37, 5, 8, 9, 11, 14, 17, 19, 22, 23, 25, 28, 30, 39]
[0, 1, 4, 37, 5, 8, 9, 11, 14, 17, 19, 22, 23, 26, 27, 29, 39]
[0, 1, 4, 37, 5, 8, 9, 11, 14, 17, 19, 22, 23, 26, 27, 30, 39]
[0, 1, 4, 37, 5, 8, 9, 11, 14, 17, 19, 22, 23, 26, 28, 29, 39]
[0, 1, 4, 37, 5, 8, 9, 11, 14, 17, 19, 22, 23, 26, 28, 30, 39]
[0, 1, 4, 37, 5, 8, 9, 11, 14, 17, 19, 22, 24, 25, 27, 29, 39]
[0, 1, 4, 37, 5, 8, 9, 11, 14, 17, 19, 22, 24, 25, 27, 30, 39]
[0, 1, 4, 37, 5, 8, 9, 11, 14, 17, 19, 22, 24, 25, 28, 29, 39]
[0, 1, 4, 37, 5, 8, 9, 11, 14, 17, 19, 22, 24, 25, 28, 30, 39]
[0, 1, 4, 37, 5, 8, 9, 11, 14, 17, 19, 22, 24, 26, 27, 29, 39]
[0, 1, 4, 37, 5, 8, 9, 11, 14, 17, 19, 22, 24, 26, 27, 30, 39]
[0, 1, 4, 37, 5, 8, 9, 11, 14, 17, 19, 22, 24, 26, 28, 29, 39]
[0, 1, 4, 37, 5, 8, 9, 11, 14, 17, 19, 22, 24, 26, 28, 30, 39]
[0, 1, 4, 37, 5, 8, 9, 11, 14, 17, 20, 21, 23, 25, 27, 29, 39]
[0, 1, 4, 37, 5, 8, 9, 11, 14, 17, 20, 21, 23, 25, 27, 30, 39]
[0, 1, 4, 37, 5, 8, 9, 11, 14, 17, 20, 21, 23, 25, 28, 29, 39]
[0, 1, 4, 37, 5, 8, 9, 11, 14, 17, 20, 21, 23, 25, 28, 30, 39]
[0, 1, 4, 37, 5, 8, 9, 11, 14, 17, 20, 21, 23, 26, 27, 29, 39]
[0, 1, 4, 37, 5, 8, 9, 11, 14, 17, 20, 21, 23, 26, 27, 30, 39]
[0, 1, 4, 37, 5, 8, 9, 11, 14, 17, 20, 21, 23, 26, 28, 29, 39]
[0, 1, 4, 37, 5, 8, 9, 11, 14, 17, 20, 21, 23, 26, 28, 30, 39]
[0, 1, 4, 37, 5, 8, 9, 11, 14, 17, 20, 21, 24, 25, 27, 29, 39]
[0, 1, 4, 37, 5, 8, 9, 11, 14, 17, 20, 21, 24, 25, 27, 30, 39]
[0, 1, 4, 37, 5, 8, 9, 11, 14, 17, 20, 21, 24, 25, 28, 29, 39]
[0, 1, 4, 37, 5, 8, 9, 11, 14, 17, 20, 21, 24, 25, 28, 30, 39]
[0, 1, 4, 37, 5, 8, 9, 11, 14, 17, 20, 21, 24, 26, 27, 29, 39]
[0, 1, 4, 37, 5, 8, 9, 11, 14, 17, 20, 21, 24, 26, 27, 30, 39]
[0, 1, 4, 37, 5, 8, 9, 11, 14, 17, 20, 21, 24, 26, 28, 29, 39]
[0, 1, 4, 37, 5, 8, 9, 11, 14, 17, 20, 21, 24, 26, 28, 30, 39]
[0, 1, 4, 37, 5, 8, 9, 11, 14, 17, 20, 22, 23, 25, 27, 29, 39]
[0, 1, 4, 37, 5, 8, 9, 11, 14, 17, 20, 22, 23, 25, 27, 30, 39]
[0, 1, 4, 37, 5, 8, 9, 11, 14, 17, 20, 22, 23, 25, 28, 29, 39]
[0, 1, 4, 37, 5, 8, 9, 11, 14, 17, 20, 22, 23, 25, 28, 30, 39]
[0, 1, 4, 37, 5, 8, 9, 11, 14, 17, 20, 22, 23, 26, 27, 29, 39]
[0, 1, 4, 37, 5, 8, 9, 11, 14, 17, 20, 22, 23, 26, 27, 30, 39]
[0, 1, 4, 37, 5, 8, 9, 11, 14, 17, 20, 22, 23, 26, 28, 29, 39]
[0, 1, 4, 37, 5, 8, 9, 11, 14, 17, 20, 22, 23, 26, 28, 30, 39]
[0, 1, 4, 37, 5, 8, 9, 11, 14, 17, 20, 22, 24, 25, 27, 29, 39]
[0, 1, 4, 37, 5, 8, 9, 11, 14, 17, 20, 22, 24, 25, 27, 30, 39]
[0, 1, 4, 37, 5, 8, 9, 11, 14, 17, 20, 22, 24, 25, 28, 29, 39]
[0, 1, 4, 37, 5, 8, 9, 11, 14, 17, 20, 22, 24, 25, 28, 30, 39]
[0, 1, 4, 37, 5, 8, 9, 11, 14, 17, 20, 22, 24, 26, 27, 29, 39]
[0, 1, 4, 37, 5, 8, 9, 11, 14, 17, 20, 22, 24, 26, 27, 30, 39]
[0, 1, 4, 37, 5, 8, 9, 11, 14, 17, 20, 22, 24, 26, 28, 29, 39]
[0, 1, 4, 37, 5, 8, 9, 11, 14, 17, 20, 22, 24, 26, 28, 30, 39]
[0, 1, 4, 37, 5, 8, 9, 11, 14, 18, 25, 27, 29, 39]
[0, 1, 4, 37, 5, 8, 9, 11, 14, 18, 25, 27, 30, 39]
[0, 1, 4, 37, 5, 8, 9, 11, 14, 18, 25, 28, 29, 39]
[0, 1, 4, 37, 5, 8, 9, 11, 14, 18, 25, 28, 30, 39]
[0, 1, 4, 37, 5, 8, 9, 11, 14, 18, 26, 27, 29, 39]
[0, 1, 4, 37, 5, 8, 9, 11, 14, 18, 26, 27, 30, 39]
[0, 1, 4, 37, 5, 8, 9, 11, 14, 18, 26, 28, 29, 39]
[0, 1, 4, 37, 5, 8, 9, 11, 14, 18, 26, 28, 30, 39]
[0, 1, 4, 37, 5, 8, 9, 12, 13, 15, 39]
[0, 1, 4, 37, 5, 8, 9, 12, 13, 16, 39]
[0, 1, 4, 37, 5, 8, 9, 12, 14, 17, 19, 21, 23, 25, 27, 29, 39]
[0, 1, 4, 37, 5, 8, 9, 12, 14, 17, 19, 21, 23, 25, 27, 30, 39]
[0, 1, 4, 37, 5, 8, 9, 12, 14, 17, 19, 21, 23, 25, 28, 29, 39]
[0, 1, 4, 37, 5, 8, 9, 12, 14, 17, 19, 21, 23, 25, 28, 30, 39]
[0, 1, 4, 37, 5, 8, 9, 12, 14, 17, 19, 21, 23, 26, 27, 29, 39]
[0, 1, 4, 37, 5, 8, 9, 12, 14, 17, 19, 21, 23, 26, 27, 30, 39]
[0, 1, 4, 37, 5, 8, 9, 12, 14, 17, 19, 21, 23, 26, 28, 29, 39]
[0, 1, 4, 37, 5, 8, 9, 12, 14, 17, 19, 21, 23, 26, 28, 30, 39]
[0, 1, 4, 37, 5, 8, 9, 12, 14, 17, 19, 21, 24, 25, 27, 29, 39]
[0, 1, 4, 37, 5, 8, 9, 12, 14, 17, 19, 21, 24, 25, 27, 30, 39]
[0, 1, 4, 37, 5, 8, 9, 12, 14, 17, 19, 21, 24, 25, 28, 29, 39]
[0, 1, 4, 37, 5, 8, 9, 12, 14, 17, 19, 21, 24, 25, 28, 30, 39]
[0, 1, 4, 37, 5, 8, 9, 12, 14, 17, 19, 21, 24, 26, 27, 29, 39]
[0, 1, 4, 37, 5, 8, 9, 12, 14, 17, 19, 21, 24, 26, 27, 30, 39]
[0, 1, 4, 37, 5, 8, 9, 12, 14, 17, 19, 21, 24, 26, 28, 29, 39]
[0, 1, 4, 37, 5, 8, 9, 12, 14, 17, 19, 21, 24, 26, 28, 30, 39]
[0, 1, 4, 37, 5, 8, 9, 12, 14, 17, 19, 22, 23, 25, 27, 29, 39]
[0, 1, 4, 37, 5, 8, 9, 12, 14, 17, 19, 22, 23, 25, 27, 30, 39]
[0, 1, 4, 37, 5, 8, 9, 12, 14, 17, 19, 22, 23, 25, 28, 29, 39]
[0, 1, 4, 37, 5, 8, 9, 12, 14, 17, 19, 22, 23, 25, 28, 30, 39]
[0, 1, 4, 37, 5, 8, 9, 12, 14, 17, 19, 22, 23, 26, 27, 29, 39]
[0, 1, 4, 37, 5, 8, 9, 12, 14, 17, 19, 22, 23, 26, 27, 30, 39]
[0, 1, 4, 37, 5, 8, 9, 12, 14, 17, 19, 22, 23, 26, 28, 29, 39]
[0, 1, 4, 37, 5, 8, 9, 12, 14, 17, 19, 22, 23, 26, 28, 30, 39]
[0, 1, 4, 37, 5, 8, 9, 12, 14, 17, 19, 22, 24, 25, 27, 29, 39]
[0, 1, 4, 37, 5, 8, 9, 12, 14, 17, 19, 22, 24, 25, 27, 30, 39]
[0, 1, 4, 37, 5, 8, 9, 12, 14, 17, 19, 22, 24, 25, 28, 29, 39]
[0, 1, 4, 37, 5, 8, 9, 12, 14, 17, 19, 22, 24, 25, 28, 30, 39]
[0, 1, 4, 37, 5, 8, 9, 12, 14, 17, 19, 22, 24, 26, 27, 29, 39]
[0, 1, 4, 37, 5, 8, 9, 12, 14, 17, 19, 22, 24, 26, 27, 30, 39]
[0, 1, 4, 37, 5, 8, 9, 12, 14, 17, 19, 22, 24, 26, 28, 29, 39]
[0, 1, 4, 37, 5, 8, 9, 12, 14, 17, 19, 22, 24, 26, 28, 30, 39]
[0, 1, 4, 37, 5, 8, 9, 12, 14, 17, 20, 21, 23, 25, 27, 29, 39]
[0, 1, 4, 37, 5, 8, 9, 12, 14, 17, 20, 21, 23, 25, 27, 30, 39]
[0, 1, 4, 37, 5, 8, 9, 12, 14, 17, 20, 21, 23, 25, 28, 29, 39]
[0, 1, 4, 37, 5, 8, 9, 12, 14, 17, 20, 21, 23, 25, 28, 30, 39]
[0, 1, 4, 37, 5, 8, 9, 12, 14, 17, 20, 21, 23, 26, 27, 29, 39]
[0, 1, 4, 37, 5, 8, 9, 12, 14, 17, 20, 21, 23, 26, 27, 30, 39]
[0, 1, 4, 37, 5, 8, 9, 12, 14, 17, 20, 21, 23, 26, 28, 29, 39]
[0, 1, 4, 37, 5, 8, 9, 12, 14, 17, 20, 21, 23, 26, 28, 30, 39]
[0, 1, 4, 37, 5, 8, 9, 12, 14, 17, 20, 21, 24, 25, 27, 29, 39]
[0, 1, 4, 37, 5, 8, 9, 12, 14, 17, 20, 21, 24, 25, 27, 30, 39]
[0, 1, 4, 37, 5, 8, 9, 12, 14, 17, 20, 21, 24, 25, 28, 29, 39]
[0, 1, 4, 37, 5, 8, 9, 12, 14, 17, 20, 21, 24, 25, 28, 30, 39]
[0, 1, 4, 37, 5, 8, 9, 12, 14, 17, 20, 21, 24, 26, 27, 29, 39]
[0, 1, 4, 37, 5, 8, 9, 12, 14, 17, 20, 21, 24, 26, 27, 30, 39]
[0, 1, 4, 37, 5, 8, 9, 12, 14, 17, 20, 21, 24, 26, 28, 29, 39]
[0, 1, 4, 37, 5, 8, 9, 12, 14, 17, 20, 21, 24, 26, 28, 30, 39]
[0, 1, 4, 37, 5, 8, 9, 12, 14, 17, 20, 22, 23, 25, 27, 29, 39]
[0, 1, 4, 37, 5, 8, 9, 12, 14, 17, 20, 22, 23, 25, 27, 30, 39]
[0, 1, 4, 37, 5, 8, 9, 12, 14, 17, 20, 22, 23, 25, 28, 29, 39]
[0, 1, 4, 37, 5, 8, 9, 12, 14, 17, 20, 22, 23, 25, 28, 30, 39]
[0, 1, 4, 37, 5, 8, 9, 12, 14, 17, 20, 22, 23, 26, 27, 29, 39]
[0, 1, 4, 37, 5, 8, 9, 12, 14, 17, 20, 22, 23, 26, 27, 30, 39]
[0, 1, 4, 37, 5, 8, 9, 12, 14, 17, 20, 22, 23, 26, 28, 29, 39]
[0, 1, 4, 37, 5, 8, 9, 12, 14, 17, 20, 22, 23, 26, 28, 30, 39]
[0, 1, 4, 37, 5, 8, 9, 12, 14, 17, 20, 22, 24, 25, 27, 29, 39]
[0, 1, 4, 37, 5, 8, 9, 12, 14, 17, 20, 22, 24, 25, 27, 30, 39]
[0, 1, 4, 37, 5, 8, 9, 12, 14, 17, 20, 22, 24, 25, 28, 29, 39]
[0, 1, 4, 37, 5, 8, 9, 12, 14, 17, 20, 22, 24, 25, 28, 30, 39]
[0, 1, 4, 37, 5, 8, 9, 12, 14, 17, 20, 22, 24, 26, 27, 29, 39]
[0, 1, 4, 37, 5, 8, 9, 12, 14, 17, 20, 22, 24, 26, 27, 30, 39]
[0, 1, 4, 37, 5, 8, 9, 12, 14, 17, 20, 22, 24, 26, 28, 29, 39]
[0, 1, 4, 37, 5, 8, 9, 12, 14, 17, 20, 22, 24, 26, 28, 30, 39]
[0, 1, 4, 37, 5, 8, 9, 12, 14, 18, 25, 27, 29, 39]
[0, 1, 4, 37, 5, 8, 9, 12, 14, 18, 25, 27, 30, 39]
[0, 1, 4, 37, 5, 8, 9, 12, 14, 18, 25, 28, 29, 39]
[0, 1, 4, 37, 5, 8, 9, 12, 14, 18, 25, 28, 30, 39]
[0, 1, 4, 37, 5, 8, 9, 12, 14, 18, 26, 27, 29, 39]
[0, 1, 4, 37, 5, 8, 9, 12, 14, 18, 26, 27, 30, 39]
[0, 1, 4, 37, 5, 8, 9, 12, 14, 18, 26, 28, 29, 39]
[0, 1, 4, 37, 5, 8, 9, 12, 14, 18, 26, 28, 30, 39]
[0, 1, 4, 37, 5, 8, 10, 11, 13, 15, 39]
[0, 1, 4, 37, 5, 8, 10, 11, 13, 16, 39]
[0, 1, 4, 37, 5, 8, 10, 11, 14, 17, 19, 21, 23, 25, 27, 29, 39]
[0, 1, 4, 37, 5, 8, 10, 11, 14, 17, 19, 21, 23, 25, 27, 30, 39]
[0, 1, 4, 37, 5, 8, 10, 11, 14, 17, 19, 21, 23, 25, 28, 29, 39]
[0, 1, 4, 37, 5, 8, 10, 11, 14, 17, 19, 21, 23, 25, 28, 30, 39]
[0, 1, 4, 37, 5, 8, 10, 11, 14, 17, 19, 21, 23, 26, 27, 29, 39]
[0, 1, 4, 37, 5, 8, 10, 11, 14, 17, 19, 21, 23, 26, 27, 30, 39]
[0, 1, 4, 37, 5, 8, 10, 11, 14, 17, 19, 21, 23, 26, 28, 29, 39]
[0, 1, 4, 37, 5, 8, 10, 11, 14, 17, 19, 21, 23, 26, 28, 30, 39]
[0, 1, 4, 37, 5, 8, 10, 11, 14, 17, 19, 21, 24, 25, 27, 29, 39]
[0, 1, 4, 37, 5, 8, 10, 11, 14, 17, 19, 21, 24, 25, 27, 30, 39]
[0, 1, 4, 37, 5, 8, 10, 11, 14, 17, 19, 21, 24, 25, 28, 29, 39]
[0, 1, 4, 37, 5, 8, 10, 11, 14, 17, 19, 21, 24, 25, 28, 30, 39]
[0, 1, 4, 37, 5, 8, 10, 11, 14, 17, 19, 21, 24, 26, 27, 29, 39]
[0, 1, 4, 37, 5, 8, 10, 11, 14, 17, 19, 21, 24, 26, 27, 30, 39]
[0, 1, 4, 37, 5, 8, 10, 11, 14, 17, 19, 21, 24, 26, 28, 29, 39]
[0, 1, 4, 37, 5, 8, 10, 11, 14, 17, 19, 21, 24, 26, 28, 30, 39]
[0, 1, 4, 37, 5, 8, 10, 11, 14, 17, 19, 22, 23, 25, 27, 29, 39]
[0, 1, 4, 37, 5, 8, 10, 11, 14, 17, 19, 22, 23, 25, 27, 30, 39]
[0, 1, 4, 37, 5, 8, 10, 11, 14, 17, 19, 22, 23, 25, 28, 29, 39]
[0, 1, 4, 37, 5, 8, 10, 11, 14, 17, 19, 22, 23, 25, 28, 30, 39]
[0, 1, 4, 37, 5, 8, 10, 11, 14, 17, 19, 22, 23, 26, 27, 29, 39]
[0, 1, 4, 37, 5, 8, 10, 11, 14, 17, 19, 22, 23, 26, 27, 30, 39]
[0, 1, 4, 37, 5, 8, 10, 11, 14, 17, 19, 22, 23, 26, 28, 29, 39]
[0, 1, 4, 37, 5, 8, 10, 11, 14, 17, 19, 22, 23, 26, 28, 30, 39]
[0, 1, 4, 37, 5, 8, 10, 11, 14, 17, 19, 22, 24, 25, 27, 29, 39]
[0, 1, 4, 37, 5, 8, 10, 11, 14, 17, 19, 22, 24, 25, 27, 30, 39]
[0, 1, 4, 37, 5, 8, 10, 11, 14, 17, 19, 22, 24, 25, 28, 29, 39]
[0, 1, 4, 37, 5, 8, 10, 11, 14, 17, 19, 22, 24, 25, 28, 30, 39]
[0, 1, 4, 37, 5, 8, 10, 11, 14, 17, 19, 22, 24, 26, 27, 29, 39]
[0, 1, 4, 37, 5, 8, 10, 11, 14, 17, 19, 22, 24, 26, 27, 30, 39]
[0, 1, 4, 37, 5, 8, 10, 11, 14, 17, 19, 22, 24, 26, 28, 29, 39]
[0, 1, 4, 37, 5, 8, 10, 11, 14, 17, 19, 22, 24, 26, 28, 30, 39]
[0, 1, 4, 37, 5, 8, 10, 11, 14, 17, 20, 21, 23, 25, 27, 29, 39]
[0, 1, 4, 37, 5, 8, 10, 11, 14, 17, 20, 21, 23, 25, 27, 30, 39]
[0, 1, 4, 37, 5, 8, 10, 11, 14, 17, 20, 21, 23, 25, 28, 29, 39]
[0, 1, 4, 37, 5, 8, 10, 11, 14, 17, 20, 21, 23, 25, 28, 30, 39]
[0, 1, 4, 37, 5, 8, 10, 11, 14, 17, 20, 21, 23, 26, 27, 29, 39]
[0, 1, 4, 37, 5, 8, 10, 11, 14, 17, 20, 21, 23, 26, 27, 30, 39]
[0, 1, 4, 37, 5, 8, 10, 11, 14, 17, 20, 21, 23, 26, 28, 29, 39]
[0, 1, 4, 37, 5, 8, 10, 11, 14, 17, 20, 21, 23, 26, 28, 30, 39]
[0, 1, 4, 37, 5, 8, 10, 11, 14, 17, 20, 21, 24, 25, 27, 29, 39]
[0, 1, 4, 37, 5, 8, 10, 11, 14, 17, 20, 21, 24, 25, 27, 30, 39]
[0, 1, 4, 37, 5, 8, 10, 11, 14, 17, 20, 21, 24, 25, 28, 29, 39]
[0, 1, 4, 37, 5, 8, 10, 11, 14, 17, 20, 21, 24, 25, 28, 30, 39]
[0, 1, 4, 37, 5, 8, 10, 11, 14, 17, 20, 21, 24, 26, 27, 29, 39]
[0, 1, 4, 37, 5, 8, 10, 11, 14, 17, 20, 21, 24, 26, 27, 30, 39]
[0, 1, 4, 37, 5, 8, 10, 11, 14, 17, 20, 21, 24, 26, 28, 29, 39]
[0, 1, 4, 37, 5, 8, 10, 11, 14, 17, 20, 21, 24, 26, 28, 30, 39]
[0, 1, 4, 37, 5, 8, 10, 11, 14, 17, 20, 22, 23, 25, 27, 29, 39]
[0, 1, 4, 37, 5, 8, 10, 11, 14, 17, 20, 22, 23, 25, 27, 30, 39]
[0, 1, 4, 37, 5, 8, 10, 11, 14, 17, 20, 22, 23, 25, 28, 29, 39]
[0, 1, 4, 37, 5, 8, 10, 11, 14, 17, 20, 22, 23, 25, 28, 30, 39]
[0, 1, 4, 37, 5, 8, 10, 11, 14, 17, 20, 22, 23, 26, 27, 29, 39]
[0, 1, 4, 37, 5, 8, 10, 11, 14, 17, 20, 22, 23, 26, 27, 30, 39]
[0, 1, 4, 37, 5, 8, 10, 11, 14, 17, 20, 22, 23, 26, 28, 29, 39]
[0, 1, 4, 37, 5, 8, 10, 11, 14, 17, 20, 22, 23, 26, 28, 30, 39]
[0, 1, 4, 37, 5, 8, 10, 11, 14, 17, 20, 22, 24, 25, 27, 29, 39]
[0, 1, 4, 37, 5, 8, 10, 11, 14, 17, 20, 22, 24, 25, 27, 30, 39]
[0, 1, 4, 37, 5, 8, 10, 11, 14, 17, 20, 22, 24, 25, 28, 29, 39]
[0, 1, 4, 37, 5, 8, 10, 11, 14, 17, 20, 22, 24, 25, 28, 30, 39]
[0, 1, 4, 37, 5, 8, 10, 11, 14, 17, 20, 22, 24, 26, 27, 29, 39]
[0, 1, 4, 37, 5, 8, 10, 11, 14, 17, 20, 22, 24, 26, 27, 30, 39]
[0, 1, 4, 37, 5, 8, 10, 11, 14, 17, 20, 22, 24, 26, 28, 29, 39]
[0, 1, 4, 37, 5, 8, 10, 11, 14, 17, 20, 22, 24, 26, 28, 30, 39]
[0, 1, 4, 37, 5, 8, 10, 11, 14, 18, 25, 27, 29, 39]
[0, 1, 4, 37, 5, 8, 10, 11, 14, 18, 25, 27, 30, 39]
[0, 1, 4, 37, 5, 8, 10, 11, 14, 18, 25, 28, 29, 39]
[0, 1, 4, 37, 5, 8, 10, 11, 14, 18, 25, 28, 30, 39]
[0, 1, 4, 37, 5, 8, 10, 11, 14, 18, 26, 27, 29, 39]
[0, 1, 4, 37, 5, 8, 10, 11, 14, 18, 26, 27, 30, 39]
[0, 1, 4, 37, 5, 8, 10, 11, 14, 18, 26, 28, 29, 39]
[0, 1, 4, 37, 5, 8, 10, 11, 14, 18, 26, 28, 30, 39]
[0, 1, 4, 37, 5, 8, 10, 12, 13, 15, 39]
[0, 1, 4, 37, 5, 8, 10, 12, 13, 16, 39]
[0, 1, 4, 37, 5, 8, 10, 12, 14, 17, 19, 21, 23, 25, 27, 29, 39]
[0, 1, 4, 37, 5, 8, 10, 12, 14, 17, 19, 21, 23, 25, 27, 30, 39]
[0, 1, 4, 37, 5, 8, 10, 12, 14, 17, 19, 21, 23, 25, 28, 29, 39]
[0, 1, 4, 37, 5, 8, 10, 12, 14, 17, 19, 21, 23, 25, 28, 30, 39]
[0, 1, 4, 37, 5, 8, 10, 12, 14, 17, 19, 21, 23, 26, 27, 29, 39]
[0, 1, 4, 37, 5, 8, 10, 12, 14, 17, 19, 21, 23, 26, 27, 30, 39]
[0, 1, 4, 37, 5, 8, 10, 12, 14, 17, 19, 21, 23, 26, 28, 29, 39]
[0, 1, 4, 37, 5, 8, 10, 12, 14, 17, 19, 21, 23, 26, 28, 30, 39]
[0, 1, 4, 37, 5, 8, 10, 12, 14, 17, 19, 21, 24, 25, 27, 29, 39]
[0, 1, 4, 37, 5, 8, 10, 12, 14, 17, 19, 21, 24, 25, 27, 30, 39]
[0, 1, 4, 37, 5, 8, 10, 12, 14, 17, 19, 21, 24, 25, 28, 29, 39]
[0, 1, 4, 37, 5, 8, 10, 12, 14, 17, 19, 21, 24, 25, 28, 30, 39]
[0, 1, 4, 37, 5, 8, 10, 12, 14, 17, 19, 21, 24, 26, 27, 29, 39]
[0, 1, 4, 37, 5, 8, 10, 12, 14, 17, 19, 21, 24, 26, 27, 30, 39]
[0, 1, 4, 37, 5, 8, 10, 12, 14, 17, 19, 21, 24, 26, 28, 29, 39]
[0, 1, 4, 37, 5, 8, 10, 12, 14, 17, 19, 21, 24, 26, 28, 30, 39]
[0, 1, 4, 37, 5, 8, 10, 12, 14, 17, 19, 22, 23, 25, 27, 29, 39]
[0, 1, 4, 37, 5, 8, 10, 12, 14, 17, 19, 22, 23, 25, 27, 30, 39]
[0, 1, 4, 37, 5, 8, 10, 12, 14, 17, 19, 22, 23, 25, 28, 29, 39]
[0, 1, 4, 37, 5, 8, 10, 12, 14, 17, 19, 22, 23, 25, 28, 30, 39]
[0, 1, 4, 37, 5, 8, 10, 12, 14, 17, 19, 22, 23, 26, 27, 29, 39]
[0, 1, 4, 37, 5, 8, 10, 12, 14, 17, 19, 22, 23, 26, 27, 30, 39]
[0, 1, 4, 37, 5, 8, 10, 12, 14, 17, 19, 22, 23, 26, 28, 29, 39]
[0, 1, 4, 37, 5, 8, 10, 12, 14, 17, 19, 22, 23, 26, 28, 30, 39]
[0, 1, 4, 37, 5, 8, 10, 12, 14, 17, 19, 22, 24, 25, 27, 29, 39]
[0, 1, 4, 37, 5, 8, 10, 12, 14, 17, 19, 22, 24, 25, 27, 30, 39]
[0, 1, 4, 37, 5, 8, 10, 12, 14, 17, 19, 22, 24, 25, 28, 29, 39]
[0, 1, 4, 37, 5, 8, 10, 12, 14, 17, 19, 22, 24, 25, 28, 30, 39]
[0, 1, 4, 37, 5, 8, 10, 12, 14, 17, 19, 22, 24, 26, 27, 29, 39]
[0, 1, 4, 37, 5, 8, 10, 12, 14, 17, 19, 22, 24, 26, 27, 30, 39]
[0, 1, 4, 37, 5, 8, 10, 12, 14, 17, 19, 22, 24, 26, 28, 29, 39]
[0, 1, 4, 37, 5, 8, 10, 12, 14, 17, 19, 22, 24, 26, 28, 30, 39]
[0, 1, 4, 37, 5, 8, 10, 12, 14, 17, 20, 21, 23, 25, 27, 29, 39]
[0, 1, 4, 37, 5, 8, 10, 12, 14, 17, 20, 21, 23, 25, 27, 30, 39]
[0, 1, 4, 37, 5, 8, 10, 12, 14, 17, 20, 21, 23, 25, 28, 29, 39]
[0, 1, 4, 37, 5, 8, 10, 12, 14, 17, 20, 21, 23, 25, 28, 30, 39]
[0, 1, 4, 37, 5, 8, 10, 12, 14, 17, 20, 21, 23, 26, 27, 29, 39]
[0, 1, 4, 37, 5, 8, 10, 12, 14, 17, 20, 21, 23, 26, 27, 30, 39]
[0, 1, 4, 37, 5, 8, 10, 12, 14, 17, 20, 21, 23, 26, 28, 29, 39]
[0, 1, 4, 37, 5, 8, 10, 12, 14, 17, 20, 21, 23, 26, 28, 30, 39]
[0, 1, 4, 37, 5, 8, 10, 12, 14, 17, 20, 21, 24, 25, 27, 29, 39]
[0, 1, 4, 37, 5, 8, 10, 12, 14, 17, 20, 21, 24, 25, 27, 30, 39]
[0, 1, 4, 37, 5, 8, 10, 12, 14, 17, 20, 21, 24, 25, 28, 29, 39]
[0, 1, 4, 37, 5, 8, 10, 12, 14, 17, 20, 21, 24, 25, 28, 30, 39]
[0, 1, 4, 37, 5, 8, 10, 12, 14, 17, 20, 21, 24, 26, 27, 29, 39]
[0, 1, 4, 37, 5, 8, 10, 12, 14, 17, 20, 21, 24, 26, 27, 30, 39]
[0, 1, 4, 37, 5, 8, 10, 12, 14, 17, 20, 21, 24, 26, 28, 29, 39]
[0, 1, 4, 37, 5, 8, 10, 12, 14, 17, 20, 21, 24, 26, 28, 30, 39]
[0, 1, 4, 37, 5, 8, 10, 12, 14, 17, 20, 22, 23, 25, 27, 29, 39]
[0, 1, 4, 37, 5, 8, 10, 12, 14, 17, 20, 22, 23, 25, 27, 30, 39]
[0, 1, 4, 37, 5, 8, 10, 12, 14, 17, 20, 22, 23, 25, 28, 29, 39]
[0, 1, 4, 37, 5, 8, 10, 12, 14, 17, 20, 22, 23, 25, 28, 30, 39]
[0, 1, 4, 37, 5, 8, 10, 12, 14, 17, 20, 22, 23, 26, 27, 29, 39]
[0, 1, 4, 37, 5, 8, 10, 12, 14, 17, 20, 22, 23, 26, 27, 30, 39]
[0, 1, 4, 37, 5, 8, 10, 12, 14, 17, 20, 22, 23, 26, 28, 29, 39]
[0, 1, 4, 37, 5, 8, 10, 12, 14, 17, 20, 22, 23, 26, 28, 30, 39]
[0, 1, 4, 37, 5, 8, 10, 12, 14, 17, 20, 22, 24, 25, 27, 29, 39]
[0, 1, 4, 37, 5, 8, 10, 12, 14, 17, 20, 22, 24, 25, 27, 30, 39]
[0, 1, 4, 37, 5, 8, 10, 12, 14, 17, 20, 22, 24, 25, 28, 29, 39]
[0, 1, 4, 37, 5, 8, 10, 12, 14, 17, 20, 22, 24, 25, 28, 30, 39]
[0, 1, 4, 37, 5, 8, 10, 12, 14, 17, 20, 22, 24, 26, 27, 29, 39]
[0, 1, 4, 37, 5, 8, 10, 12, 14, 17, 20, 22, 24, 26, 27, 30, 39]
[0, 1, 4, 37, 5, 8, 10, 12, 14, 17, 20, 22, 24, 26, 28, 29, 39]
[0, 1, 4, 37, 5, 8, 10, 12, 14, 17, 20, 22, 24, 26, 28, 30, 39]
[0, 1, 4, 37, 5, 8, 10, 12, 14, 18, 25, 27, 29, 39]
[0, 1, 4, 37, 5, 8, 10, 12, 14, 18, 25, 27, 30, 39]
[0, 1, 4, 37, 5, 8, 10, 12, 14, 18, 25, 28, 29, 39]
[0, 1, 4, 37, 5, 8, 10, 12, 14, 18, 25, 28, 30, 39]
[0, 1, 4, 37, 5, 8, 10, 12, 14, 18, 26, 27, 29, 39]
[0, 1, 4, 37, 5, 8, 10, 12, 14, 18, 26, 27, 30, 39]
[0, 1, 4, 37, 5, 8, 10, 12, 14, 18, 26, 28, 29, 39]
[0, 1, 4, 37, 5, 8, 10, 12, 14, 18, 26, 28, 30, 39]
[0, 1, 4, 37, 6, 13, 15, 39]
[0, 1, 4, 37, 6, 13, 16, 39]
[0, 1, 4, 37, 6, 14, 17, 19, 21, 23, 25, 27, 29, 39]
[0, 1, 4, 37, 6, 14, 17, 19, 21, 23, 25, 27, 30, 39]
[0, 1, 4, 37, 6, 14, 17, 19, 21, 23, 25, 28, 29, 39]
[0, 1, 4, 37, 6, 14, 17, 19, 21, 23, 25, 28, 30, 39]
[0, 1, 4, 37, 6, 14, 17, 19, 21, 23, 26, 27, 29, 39]
[0, 1, 4, 37, 6, 14, 17, 19, 21, 23, 26, 27, 30, 39]
[0, 1, 4, 37, 6, 14, 17, 19, 21, 23, 26, 28, 29, 39]
[0, 1, 4, 37, 6, 14, 17, 19, 21, 23, 26, 28, 30, 39]
[0, 1, 4, 37, 6, 14, 17, 19, 21, 24, 25, 27, 29, 39]
[0, 1, 4, 37, 6, 14, 17, 19, 21, 24, 25, 27, 30, 39]
[0, 1, 4, 37, 6, 14, 17, 19, 21, 24, 25, 28, 29, 39]
[0, 1, 4, 37, 6, 14, 17, 19, 21, 24, 25, 28, 30, 39]
[0, 1, 4, 37, 6, 14, 17, 19, 21, 24, 26, 27, 29, 39]
[0, 1, 4, 37, 6, 14, 17, 19, 21, 24, 26, 27, 30, 39]
[0, 1, 4, 37, 6, 14, 17, 19, 21, 24, 26, 28, 29, 39]
[0, 1, 4, 37, 6, 14, 17, 19, 21, 24, 26, 28, 30, 39]
[0, 1, 4, 37, 6, 14, 17, 19, 22, 23, 25, 27, 29, 39]
[0, 1, 4, 37, 6, 14, 17, 19, 22, 23, 25, 27, 30, 39]
[0, 1, 4, 37, 6, 14, 17, 19, 22, 23, 25, 28, 29, 39]
[0, 1, 4, 37, 6, 14, 17, 19, 22, 23, 25, 28, 30, 39]
[0, 1, 4, 37, 6, 14, 17, 19, 22, 23, 26, 27, 29, 39]
[0, 1, 4, 37, 6, 14, 17, 19, 22, 23, 26, 27, 30, 39]
[0, 1, 4, 37, 6, 14, 17, 19, 22, 23, 26, 28, 29, 39]
[0, 1, 4, 37, 6, 14, 17, 19, 22, 23, 26, 28, 30, 39]
[0, 1, 4, 37, 6, 14, 17, 19, 22, 24, 25, 27, 29, 39]
[0, 1, 4, 37, 6, 14, 17, 19, 22, 24, 25, 27, 30, 39]
[0, 1, 4, 37, 6, 14, 17, 19, 22, 24, 25, 28, 29, 39]
[0, 1, 4, 37, 6, 14, 17, 19, 22, 24, 25, 28, 30, 39]
[0, 1, 4, 37, 6, 14, 17, 19, 22, 24, 26, 27, 29, 39]
[0, 1, 4, 37, 6, 14, 17, 19, 22, 24, 26, 27, 30, 39]
[0, 1, 4, 37, 6, 14, 17, 19, 22, 24, 26, 28, 29, 39]
[0, 1, 4, 37, 6, 14, 17, 19, 22, 24, 26, 28, 30, 39]
[0, 1, 4, 37, 6, 14, 17, 20, 21, 23, 25, 27, 29, 39]
[0, 1, 4, 37, 6, 14, 17, 20, 21, 23, 25, 27, 30, 39]
[0, 1, 4, 37, 6, 14, 17, 20, 21, 23, 25, 28, 29, 39]
[0, 1, 4, 37, 6, 14, 17, 20, 21, 23, 25, 28, 30, 39]
[0, 1, 4, 37, 6, 14, 17, 20, 21, 23, 26, 27, 29, 39]
[0, 1, 4, 37, 6, 14, 17, 20, 21, 23, 26, 27, 30, 39]
[0, 1, 4, 37, 6, 14, 17, 20, 21, 23, 26, 28, 29, 39]
[0, 1, 4, 37, 6, 14, 17, 20, 21, 23, 26, 28, 30, 39]
[0, 1, 4, 37, 6, 14, 17, 20, 21, 24, 25, 27, 29, 39]
[0, 1, 4, 37, 6, 14, 17, 20, 21, 24, 25, 27, 30, 39]
[0, 1, 4, 37, 6, 14, 17, 20, 21, 24, 25, 28, 29, 39]
[0, 1, 4, 37, 6, 14, 17, 20, 21, 24, 25, 28, 30, 39]
[0, 1, 4, 37, 6, 14, 17, 20, 21, 24, 26, 27, 29, 39]
[0, 1, 4, 37, 6, 14, 17, 20, 21, 24, 26, 27, 30, 39]
[0, 1, 4, 37, 6, 14, 17, 20, 21, 24, 26, 28, 29, 39]
[0, 1, 4, 37, 6, 14, 17, 20, 21, 24, 26, 28, 30, 39]
[0, 1, 4, 37, 6, 14, 17, 20, 22, 23, 25, 27, 29, 39]
[0, 1, 4, 37, 6, 14, 17, 20, 22, 23, 25, 27, 30, 39]
[0, 1, 4, 37, 6, 14, 17, 20, 22, 23, 25, 28, 29, 39]
[0, 1, 4, 37, 6, 14, 17, 20, 22, 23, 25, 28, 30, 39]
[0, 1, 4, 37, 6, 14, 17, 20, 22, 23, 26, 27, 29, 39]
[0, 1, 4, 37, 6, 14, 17, 20, 22, 23, 26, 27, 30, 39]
[0, 1, 4, 37, 6, 14, 17, 20, 22, 23, 26, 28, 29, 39]
[0, 1, 4, 37, 6, 14, 17, 20, 22, 23, 26, 28, 30, 39]
[0, 1, 4, 37, 6, 14, 17, 20, 22, 24, 25, 27, 29, 39]
[0, 1, 4, 37, 6, 14, 17, 20, 22, 24, 25, 27, 30, 39]
[0, 1, 4, 37, 6, 14, 17, 20, 22, 24, 25, 28, 29, 39]
[0, 1, 4, 37, 6, 14, 17, 20, 22, 24, 25, 28, 30, 39]
[0, 1, 4, 37, 6, 14, 17, 20, 22, 24, 26, 27, 29, 39]
[0, 1, 4, 37, 6, 14, 17, 20, 22, 24, 26, 27, 30, 39]
[0, 1, 4, 37, 6, 14, 17, 20, 22, 24, 26, 28, 29, 39]
[0, 1, 4, 37, 6, 14, 17, 20, 22, 24, 26, 28, 30, 39]
[0, 1, 4, 37, 6, 14, 18, 25, 27, 29, 39]
[0, 1, 4, 37, 6, 14, 18, 25, 27, 30, 39]
[0, 1, 4, 37, 6, 14, 18, 25, 28, 29, 39]
[0, 1, 4, 37, 6, 14, 18, 25, 28, 30, 39]
[0, 1, 4, 37, 6, 14, 18, 26, 27, 29, 39]
[0, 1, 4, 37, 6, 14, 18, 26, 27, 30, 39]
[0, 1, 4, 37, 6, 14, 18, 26, 28, 29, 39]
[0, 1, 4, 37, 6, 14, 18, 26, 28, 30, 39]
[0, 1, 4, 38, 39]
[0, 2, 31, 33, 35, 39]
[0, 2, 31, 33, 36, 39]
[0, 2, 31, 34, 35, 39]
[0, 2, 31, 34, 36, 39]
[0, 2, 32, 33, 35, 39]
[0, 2, 32, 33, 36, 39]
[0, 2, 32, 34, 35, 39]
[0, 2, 32, 34, 36, 39]
