Pain during intercourse
[0, 1, 3, 5, 7, 9, 11] - PID fungal infection    
[0, 1, 3, 5, 7, 10, 11] - 
[0, 1, 3, 5, 8, 11]
[0, 1, 3, 6, 7, 9, 11]
[0, 1, 3, 6, 7, 10, 11]
[0, 1, 3, 6, 8, 11]
[0, 1, 4, 5, 7, 9, 11]
[0, 1, 4, 5, 7, 10, 11]
[0, 1, 4, 5, 8, 11]
[0, 1, 4, 6, 7, 9, 11]
[0, 1, 4, 6, 7, 10, 11]
[0, 1, 4, 6, 8, 11]
[0, 2, 3, 5, 7, 9, 11]
[0, 2, 3, 5, 7, 10, 11]
[0, 2, 3, 5, 8, 11]
[0, 2, 3, 6, 7, 9, 11]
[0, 2, 3, 6, 7, 10, 11]
[0, 2, 3, 6, 8, 11]
[0, 2, 4, 5, 7, 9, 11]
[0, 2, 4, 5, 7, 10, 11]
[0, 2, 4, 5, 8, 11]
[0, 2, 4, 6, 7, 9, 11]
[0, 2, 4, 6, 7, 10, 11]
[0, 2, 4, 6, 8, 11]

