[0, 1, 3, 5, 14]
[0, 1, 3, 6, 14]
[0, 1, 3, 7, 10, 12, 14]
[0, 1, 3, 7, 10, 13, 14]
[0, 1, 3, 7, 11, 12, 14]
[0, 1, 3, 7, 11, 13, 14]
[0, 1, 3, 8, 14]
[0, 1, 3, 9, 14]
[0, 1, 4, 5, 14]
[0, 1, 4, 6, 14]
[0, 1, 4, 7, 10, 12, 14]
[0, 1, 4, 7, 10, 13, 14]
[0, 1, 4, 7, 11, 12, 14]
[0, 1, 4, 7, 11, 13, 14]
[0, 1, 4, 8, 14]
[0, 1, 4, 9, 14]
[0, 2, 3, 5, 14]
[0, 2, 3, 6, 14]
[0, 2, 3, 7, 10, 12, 14]
[0, 2, 3, 7, 10, 13, 14]
[0, 2, 3, 7, 11, 12, 14]
[0, 2, 3, 7, 11, 13, 14]
[0, 2, 3, 8, 14]
[0, 2, 3, 9, 14]
[0, 2, 4, 5, 14]
[0, 2, 4, 6, 14]
[0, 2, 4, 7, 10, 12, 14]
[0, 2, 4, 7, 10, 13, 14]
[0, 2, 4, 7, 11, 12, 14]
[0, 2, 4, 7, 11, 13, 14]
[0, 2, 4, 8, 14]
[0, 2, 4, 9, 14]